4
5
11
13
16
24
39
49
50
60
62
67
70
75
82
83
86
89
91
92
96
98
99
106
122
124
126
130
134
136
138
141
142
144
165
172
176
183
190
192
197
200
207
213
214
215
216
219
223
226
228
229
230
237
246
257
258
260
264
268
270
273
284
289
291
294
298
300
301
312
316
321
322
323
330
338
342
353
354
359
361
365
374
387
396
399
407
422
423
432
436
450
451
457
461
464
465
466
468
480
483
489
504
508
513
522
523
526
529
530
542
543
548
551
552
560
566
571
573
580
585
588
591
602
603
604
605
637
642
652
654
664
672
677
679
684
685
689
692
693
698
719
728
735
736
737
744
747
753
777
791
793
805
810
813
816
823
827
829
841
843
844
845
852
858
862
864
875
884
888
895
898
901
903
908
913
914
918
924
929
935
948
953
954
956
958
961
964
975
979
981
988
997
1006
1010
1017
1022
1023
1025
1026
1027
1028
1037
1040
1041
1043
1044
1045
1046
1049
1055
1058
1063
1067
1068
1074
1076
1078
1079
1083
1087
1089
1092
1094
1097
1105
1106
1117
1119
1120
1121
1125
1132
1135
1141
1142
1145
1146
1148
1151
1152
1153
1172
1173
1181
1189
1190
1195
1197
1201
1205
1215
1220
1222
1224
1226
1230
1231
1233
1234
1235
1239
1241
1245
1248
1258
1262
1267
1269
1274
1275
1278
1280
1281
1282
1295
1297
1298
1300
1310
1312
1313
1318
1320
1321
1322
1323
1326
1327
1330
1331
1362
1365
1367
1371
1378
1381
1383
1390
1393
1396
1397
1402
1403
1407
1415
1421
1422
1427
1430
1431
1433
1434
1439
1449
1459
1461
1463
1466
1474
1477
1479
1480
1482
1489
1497
1498
1500
1501
1503
1508
1511
1518
1520
1525
1532
1536
1540
1542
1545
1550
1551
1568
1569
1571
1576
1577
1579
1582
1583
1589
1595
1599
1602
1606
1609
1610
1613
1614
1615
1622
1625
1626
1641
1642
1648
1649
1650
1663
1664
1665
1666
1668
1671
1675
1683
1685
1687
1688
1692
1695
1700
1701
1706
1711
1713
1717
1718
1722
1723
1732
1736
1741
1743
1747
1750
1753
1754
1755
1756
1759
1772
1784
1786
1788
1790
1796
1797
1811
1819
1821
1822
1833
1838
1840
1850
1851
1852
1858
1862
1866
1874
1882
1888
1889
1891
1902
1905
1908
1911
1913
1917
1925
1929
1931
1932
1933
1934
1936
1942
1945
1949
1954
1955
1959
1973
1983
1984
1996
2001
2002
2004
2020
2024
2026
2030
2031
2032
2034
2037
2052
2057
2061
2063
2067
2073
2079
2083
2084
2086
2088
2095
2097
2098
2102
2104
2116
2120
2126
2128
2137
2143
2146
2157
2169
2175
2179
2180
2181
2186
2187
2192
2193
2196
2197
2199
2209
2211
2215
2218
2221
2222
2224
2239
2241
2242
2245
2246
2248
2249
2254
2258
2266
2268
2269
2272
2276
2285
2288
2292
2298
2307
2308
2309
2313
2320
2321
2324
2328
2330
2331
2332
2339
2340
2341
2346
2349
2351
2354
2358
2359
2360
2363
2366
2367
2368
2376
2380
2387
2395
2397
2399
2408
2409
2410
2412
2415
2418
2421
2422
2424
2427
2440
2445
2446
2450
2451
2455
2456
2461
2467
2477
2478
2481
2484
2489
2493
2495
2499
2502
2506
2507
2512
2519
2521
2525
2528
2537
2544
2553
2558
2559
2560
2575
2577
2578
2580
2586
2588
2592
2593
2594
2595
2598
2601
2606
2611
2619
2620
2622
2624
2625
2627
2628
2634
2644
2646
2659
2663
2665
2666
2673
2675
2676
2678
2690
2691
2694
2697
2699
2701
2702
2704
2706
2712
2714
2719
2721
2734
2737
2743
2754
2771
2774
2777
2778
2780
2781
2784
2785
2786
2788
2789
2790
2793
2801
2803
2811
2813
2821
2827
2833
2835
2841
2848
2853
2854
2860
2862
2864
2879
2884
2887
2888
2892
2909
2911
2912
2917
2922
2925
2926
2927
2928
2929
2931
2935
2936
2941
2944
2947
2950
2951
2952
2955
2957
2962
2967
2968
2972
2974
2975
2976
2977
2983
2984
2994
2996
2998
3004
3016
3022
3029
3032
3036
3037
3039
3042
3045
3054
3057
3059
3061
3070
3072
3075
3077
3081
3084
3085
3086
3089
3093
3105
3110
3118
3120
3121
3122
3125
3126
3141
3157
3159
3160
3161
3165
3168
3169
3170
3171
3175
3176
3181
3186
3188
3191
3193
3195
3208
3209
3210
3211
3216
3224
3225
3240
3244
3248
3256
3263
3266
3267
3270
3272
3273
3277
3284
3289
3291
3294
3307
3308
3309
3312
3313
3321
3322
3325
3326
3331
3335
3337
3338
3339
3345
3352
3353
3354
3358
3359
3362
3364
3371
3376
3380
3384
3388
3392
3399
3402
3404
3406
3410
3413
3428
3429
3430
3432
3440
3442
3443
3445
3447
3450
3451
3454
3455
3462
3463
3465
3466
3472
3474
3477
3481
3491
3492
3500
3501
3502
3503
3507
3508
3514
3520
3521
3523
3529
3530
3531
3533
3536
3537
3540
3545
3549
3550
3551
3553
3558
3563
3566
3568
3569
3574
3576
3579
3583
3584
3591
3599
3600
3602
3605
3608
3614
3615
3618
3621
3624
3625
3630
3636
3640
3641
3650
3653
3659
3661
3670
3672
3679
3680
3686
3689
3695
3697
3700
3708
3709
3711
3712
3713
3716
3718
3721
3723
3726
3740
3742
3747
3749
3750
3751
3753
3758
3761
3766
3767
3770
3774
3778
3785
3787
3788
3791
3794
3799
3801
3805
3809
3810
3814
3819
3830
3832
3833
3835
3843
3844
3848
3849
3856
3866
3875
3879
3880
3881
3883
3888
3909
3916
3924
3926
3935
3938
3940
3943
3945
3946
3952
3966
3968
3969
3970
3973
3975
3978
3979
3980
3981
3986
3990
3992
3997
4004
4007
4016
4017
4018
4024
4025
4030
4035
4038
4041
4046
4048
4053
4057
4060
4063
4065
4066
4069
4071
4074
4076
4077
4090
4091
4093
4094
4096
4102
4104
4108
4111
4124
4125
4127
4136
4141
4142
4143
4145
4148
4150
4153
4163
4164
4168
4170
4174
4176
4178
4184
4192
4193
4198
4200
4202
4204
4207
4213
4215
4218
4224
4226
4227
4228
4236
4245
4262
4264
4265
4268
4269
4270
4271
4273
4276
4278
4279
4292
4297
4298
4300
4310
4311
4322
4325
4327
4338
4339
4340
4342
4346
4351
4352
4354
4362
4367
4373
4377
4379
4387
4393
4397
4398
4402
4405
4408
4409
4411
4414
4417
4418
4419
4420
4424
4425
4431
4435
4437
4438
4439
4440
4446
4448
4449
4459
4465
4467
4470
4472
4473
4476
4477
4478
4479
4484
4486
4488
4490
4493
4495
4503
4506
4508
4509
4510
4511
4518
4521
4525
4528
4531
4533
4539
4545
4549
4550
4562
4563
4578
4579
4583
4584
4591
4598
4601
4608
4611
4613
4614
4621
4625
4634
4635
4637
4645
4652
4656
4657
4659
4670
4671
4678
4681
4683
4691
4702
4703
4705
4712
4725
4728
4739
4741
4743
4744
4745
4752
4755
4757
4763
4765
4767
4768
4774
4775
4778
4782
4789
4790
4792
4795
4796
4798
4802
4820
4821
4824
4827
4830
4831
4832
4834
4836
4841
4842
4850
4851
4861
4862
4864
4866
4867
4871
4877
4878
4881
4887
4888
4895
4896
4897
4900
4902
4913
4917
4918
4920
4932
4935
4946
4950
4951
4952
4954
4959
4961
4964
4965
4966
4969
4973
4983
4986
4988
4991
4996
4999
5000
5011
5017
5020
5023
5024
5025
5026
5042
5049
5051
5052
5058
5060
5065
5072
5073
5077
5080
5085
5090
5092
5096
5098
5102
5107
5108
5109
5112
5122
5126
5127
5136
5137
5138
5140
5146
5148
5149
5159
5166
5172
5174
5183
5186
5187
5189
5192
5195
5202
5206
5208
5230
5231
5246
5247
5251
5255
5256
5257
5263
5264
5266
5279
5282
5287
5293
5294
5307
5317
5319
5329
5332
5339
5340
5346
5349
5351
5352
5353
5354
5356
5358
5360
5373
5374
5379
5386
5387
5389
5390
5391
5397
5406
5410
5412
5413
5414
5415
5419
5432
5436
5439
5441
5442
5443
5445
5446
5449
5450
5453
5455
5461
5462
5463
5467
5480
5484
5486
5493
5494
5501
5503
5509
5514
5516
5523
5525
5538
5540
5543
5544
5545
5548
5551
5553
5557
5559
5560
5565
5569
5581
5586
5588
5592
5593
5594
5600
5601
5611
5614
5626
5628
5638
5640
5641
5645
5650
5654
5655
5661
5664
5665
5666
5667
5683
5686
5688
5691
5692
5693
5694
5698
5701
5706
5711
5715
5721
5722
5725
5729
5739
5740
5741
5745
5750
5759
5765
5777
5786
5789
5801
5805
5808
5817
5822
5823
5824
5825
5826
5831
5836
5846
5847
5849
5856
5860
5864
5870
5871
5872
5873
5875
5876
5885
5896
5905
5913
5915
5921
5923
5927
5928
5932
5937
5938
5947
5959
5960
5968
5970
5971
5974
5993
5998
6007
6009
6011
6013
6014
6016
6024
6028
6030
6043
6044
6045
6056
6057
6063
6071
6077
6078
6084
6096
6098
6102
6106
6107
6110
6120
6131
6139
6140
6142
6156
6158
6163
6171
6179
6180
6192
6200
6202
6211
6214
6219
6220
6221
6224
6226
6229
6231
6236
6244
6248
6249
6255
6261
6262
6263
6265
6269
6274
6275
6281
6282
6287
6292
6293
6294
6295
6296
6300
6315
6318
6327
6328
6329
6330
6332
6342
6345
6348
6350
6354
6359
6363
6371
6374
6375
6376
6384
6391
6392
6399
6400
6402
6407
6416
6425
6427
6428
6431
6433
6441
6443
6451
6452
6455
6457
6459
6470
6471
6479
6485
6494
6499
6503
6506
6508
6513
6515
6517
6520
6523
6528
6540
6553
6555
6560
6562
6564
6568
6569
6574
6578
6582
6592
6593
6595
6597
6606
6614
6615
6625
6626
6641
6655
6656
6657
6662
6664
6666
6677
6686
6700
6701
6702
6708
6712
6713
6731
6734
6737
6738
6739
6740
6744
6750
6755
6758
6761
6767
6772
6778
6791
6793
6795
6797
6800
6801
6803
6805
6806
6809
6813
6834
6836
6840
6841
6844
6845
6846
6854
6860
6867
6870
6872
6876
6878
6885
6886
6888
6891
6897
6902
6907
6910
6919
6923
6924
6925
6932
6934
6935
6937
6943
6947
6948
6957
6966
6967
6974
6992
6995
6997
7002
7005
7012
7014
7020
7023
7027
7029
7034
7041
7048
7049
7050
7062
7067
7070
7072
7080
7082
7088
7089
7091
7097
7103
7104
7110
7111
7112
7120
7122
7123
7133
7135
7141
7145
7149
7153
7154
7166
7167
7171
7177
7180
7187
7190
7192
7197
7198
7202
7203
7207
7209
7216
7217
7221
7231
7233
7234
7237
7242
7244
7245
7246
7250
7257
7262
7270
7288
7289
7290
7295
7298
7301
7306
7307
7311
7329
7331
7332
7334
7338
7341
7342
7357
7358
7365
7366
7368
7370
7377
7379
7383
7384
7385
7388
7392
7393
7394
7395
7396
7401
7403
7416
7419
7427
7433
7439
7444
7445
7446
7463
7464
7487
7490
7498
7500
7504
7511
7513
7524
7529
7533
7537
7549
7554
7559
7579
7583
7587
7589
7590
7591
7592
7602
7610
7618
7628
7630
7631
7634
7635
7648
7650
7651
7655
7667
7669
7674
7677
7679
7681
7684
7697
7699
7711
7716
7722
7748
7751
7756
7758
7760
7764
7776
7783
7790
7791
7801
7815
7817
7830
7834
7844
7846
7848
7851
7853
7856
7857
7858
7860
7861
7862
7863
7870
7871
7875
7878
7879
7882
7900
7910
7912
7917
7925
7931
7932
7936
7941
7944
7948
7954
7959
7962
7963
7969
7971
7972
7974
7978
7979
8000
8001
8003
8015
8018
8019
8025
8042
8053
8061
8064
8066
8072
8074
8078
8081
8087
8093
8099
8101
8104
8106
8117
8118
8121
8132
8137
8143
8145
8157
8158
8160
8162
8163
8164
8165
8169
8178
8180
8189
8191
8196
8197
8198
8202
8203
8206
8209
8214
8215
8216
8221
8223
8224
8225
8226
8227
8230
8231
8237
8238
8245
8253
8261
8271
8276
8279
8280
8281
8290
8291
8297
8300
8302
8303
8304
8307
8312
8316
8319
8322
8324
8334
8337
8339
8341
8343
8349
8352
8353
8357
8366
8368
8371
8383
8384
8387
8393
8396
8397
8407
8408
8413
8414
8426
8432
8434
8437
8443
8444
8452
8453
8462
8470
8475
8487
8489
8492
8493
8505
8508
8511
8515
8516
8517
8522
8527
8528
8531
8541
8549
8553
8558
8565
8566
8579
8581
8582
8587
8592
8593
8598
8613
8617
8618
8624
8627
8629
8633
8634
8636
8642
8644
8647
8656
8657
8663
8677
8683
8684
8685
8690
8694
8698
8710
8712
8713
8726
8729
8733
8734
8745
8748
8754
8760
8767
8772
8776
8777
8779
8784
8786
8788
8789
8797
8798
8802
8805
8812
8813
8815
8818
8819
8821
8823
8827
8837
8842
8851
8865
8867
8868
8874
8875
8876
8888
8890
8891
8896
8898
8899
8900
8903
8905
8906
8907
8914
8922
8927
8928
8930
8934
8939
8954
8963
8967
8969
8970
8971
8974
8978
8988
8996
9000
9007
9008
9013
9014
9018
9019
9028
9031
9036
9042
9049
9051
9058
9069
9070
9077
9079
9085
9091
9093
9098
9114
9115
9118
9132
9137
9143
9148
9156
9158
9169
9171
9187
9192
9199
9200
9216
9218
9224
9226
9234
9240
9241
9244
9249
9250
9251
9253
9256
9259
9260
9261
9264
9265
9272
9282
9284
9285
9289
9291
9303
9304
9310
9311
9316
9318
9330
9349
9350
9352
9357
9363
9371
9379
9384
9394
9400
9401
9406
9407
9408
9412
9415
9426
9429
9433
9434
9441
9442
9447
9448
9449
9451
9452
9453
9458
9460
9464
9465
9482
9484
9485
9487
9492
9494
9499
9501
9506
9509
9512
9516
9517
9522
9523
9526
9527
9530
9534
9535
9540
9543
9550
9551
9556
9559
9561
9564
9566
9567
9573
9582
9583
9584
9589
9593
9598
9606
9611
9612
9614
9621
9624
9625
9629
9631
9643
9650
9656
9658
9659
9663
9667
9681
9687
9690
9692
9700
9704
9705
9706
9707
9712
9715
9717
9718
9719
9724
9729
9730
9731
9736
9737
9741
9742
9748
9752
9760
9761
9765
9766
9770
9775
9777
9791
9792
9798
9804
9806
9811
9815
9816
9819
9825
9826
9832
9833
9836
9837
9839
9840
9844
9853
9854
9857
9870
9881
9885
9887
9892
9893
9897
9900
9911
9915
9925
9927
9928
9930
9931
9935
9936
9938
9954
9964
9965
9966
9969
9983
9994
9995
9996
10002
10012
10014
10016
10017
10022
10026
10027
10038
10040
10042
10043
10046
10048
10049
10055
10056
10061
10062
10063
10064
10065
10066
10067
10070
10072
10085
10091
10092
10093
10100
10106
10107
10108
10109
10111
10112
10116
10123
10125
10127
10131
10136
10137
10142
10144
10148
10149
10155
10157
10158
10161
10167
10171
10175
10178
10184
10189
10190
10201
10206
10207
10211
10213
10217
10218
10220
10221
10223
10226
10227
10232
10238
10239
10242
10244
10247
10258
10259
10260
10267
10273
10274
10276
10277
10279
10281
10285
10289
10290
10298
10300
10301
10302
10304
10316
10320
10325
10328
10337
10343
10346
10347
10348
10351
10356
10361
10371
10382
10392
10395
10398
10403
10406
10409
10414
10416
10421
10426
10434
10435
10436
10438
10439
10443
10452
10453
10463
10466
10471
10472
10473
10475
10476
10481
10486
10494
10500
10504
10505
10510
10514
10519
10522
10530
10533
10534
10536
10541
10542
10546
10565
10566
10568
10582
10584
10585
10586
10587
10591
10593
10595
10598
10600
10605
10612
10613
10614
10615
10618
10621
10625
10632
10638
10643
10648
10650
10657
10660
10661
10662
10664
10667
10673
10676
10685
10689
10690
10692
10694
10702
10713
10715
10717
10718
10724
10728
10729
10736
10743
10752
10754
10756
10758
10768
10776
10781
10785
10787
10791
10795
10796
10798
10800
10804
10807
10814
10818
10822
10825
10835
10843
10847
10870
10871
10882
10883
10886
10894
10895
10896
10897
10907
10909
10911
10918
10925
10926
10928
10929
10931
10933
10940
10944
10946
10952
10955
10961
10964
10965
10974
10977
10979
10984
10989
10992
10995
10997
11007
11008
11009
11013
11017
11018
11027
11028
11034
11040
11043
11048
11055
11068
11072
11081
11083
11086
11094
11096
11101
11102
11103
11105
11109
11111
11114
11127
11128
11131
11132
11138
11140
11142
11143
11144
11145
11148
11149
11150
11163
11164
11165
11168
11169
11170
11173
11174
11176
11178
11180
11182
11193
11201
11202
11204
11206
11207
11209
11211
11215
11221
11224
11226
11231
11249
11250
11254
11255
11258
11260
11271
11276
11279
11282
11291
11294
11296
11299
11303
11317
11321
11324
11338
11340
11347
11349
11353
11355
11362
11369
11375
11376
11378
11381
11383
11385
11396
11401
11403
11405
11406
11414
11418
11421
11424
11427
11429
11432
11437
11440
11444
11446
11455
11458
11460
11468
11469
11473
11477
11482
11488
11489
11497
11509
11529
11533
11534
11542
11545
11563
11565
11571
11572
11574
11580
11581
11583
11584
11587
11588
11596
11605
11616
11619
11626
11627
11628
11629
11631
11634
11635
11639
11642
11648
11653
11655
11662
11673
11684
11688
11691
11694
11696
11703
11712
11723
11729
11730
11731
11733
11735
11736
11737
11739
11742
11746
11754
11755
11768
11771
11773
11774
11775
11777
11779
11785
11788
11790
11793
11794
11797
11810
11812
11828
11830
11845
11847
11852
11873
11877
11880
11884
11888
11890
11891
11892
11896
11897
11903
11904
11906
11925
11928
11939
11940
11941
11942
11943
11944
11946
11947
11950
11951
11954
11958
11959
11963
11986
11987
11988
11989
11991
11992
11998
12000
12007
12021
12024
12028
12031
12032
12037
12047
12078
12095
12096
12097
12102
12105
12109
12110
12113
12124
12127
12130
12131
12134
12136
12138
12144
12147
12151
12152
12154
12155
12163
12170
12176
12178
12182
12183
12188
12191
12195
12202
12209
12210
12211
12213
12216
12222
12226
12229
12232
12238
12263
12265
12268
12270
12271
12274
12279
12280
12292
12293
12295
12296
12301
12307
12308
12309
12311
12314
12319
12321
12324
12326
12327
12333
12345
12346
12347
12348
12349
12350
12352
12356
12358
12359
12371
12377
12382
12384
12385
12387
12388
12391
12393
12400
12408
12409
12419
12420
12423
12425
12426
12427
12433
12436
12445
12449
12451
12453
12456
12457
12459
12461
12462
12477
12480
12483
12487
12489
12491
12494
12495
12500
12501
12503
12504
12517
12521
12536
12539
12540
12542
12543
12546
12550
12555
12558
12565
12569
12576
12589
12595
12598
12608
12610
12611
12613
12617
12618
12619
12625
12631
12634
12640
12645
12656
12657
12659
12662
12664
12666
12678
12681
12693
12695
12696
12701
12702
12705
12714
12717
12722
12723
12725
12728
12729
12730
12732
12734
12736
12738
12740
12743
12745
12749
12758
12764
12770
12773
12774
12775
12777
12782
12798
12799
12805
12809
12812
12816
12823
12828
12829
12832
12833
12834
12840
12841
12847
12861
12864
12867
12870
12876
12880
12881
12899
12900
12903
12910
12914
12922
12926
12928
12930
12933
12936
12941
12942
12943
12946
12949
12956
12960
12962
12963
12964
12973
12979
12982
12983
12989
12991
12992
12994
12995
12996
12999
13000
13004
13007
13008
13009
13014
13017
13023
13037
13038
13040
13043
13047
13063
13069
13070
13075
13078
13079
13082
13083
13084
13086
13088
13091
13094
13103
13113
13114
13116
13125
13131
13140
13145
13159
13161
13166
13167
13168
13169
13170
13174
13183
13185
13192
13194
13195
13200
13208
13212
13216
13217
13218
13219
13220
13221
13222
13224
13226
13229
13230
13234
13238
13240
13243
13244
13245
13248
13249
13253
13257
13259
13263
13269
13271
13272
13277
13286
13288
13290
13291
13303
13304
13305
13308
13312
13315
13317
13319
13327
13328
13334
13347
13350
13352
13354
13358
13359
13366
13374
13377
13383
13386
13387
13389
13396
13400
13406
13407
13408
13410
13411
13425
13428
13431
13434
13440
13441
13444
13448
13454
13455
13458
13461
13467
13468
13471
13472
13474
13486
13491
13493
13498
13502
13506
13511
13519
13525
13535
13536
13537
13539
13542
13543
13546
13547
13556
13557
13558
13559
13560
13563
13566
13576
13581
13583
13590
13592
13605
13626
13627
13633
13636
13643
13649
13650
13653
13655
13661
13662
13665
13672
13674
13676
13677
13678
13680
13684
13686
13689
13690
13691
13694
13695
13696
13698
13707
13712
13716
13719
13721
13725
13728
13733
13738
13739
13745
13748
13752
13753
13759
13763
13767
13770
13777
13783
13784
13785
13787
13788
13793
13796
13800
13804
13810
13811
13820
13821
13822
13824
13831
13837
13842
13852
13853
13858
13864
13865
13867
13875
13876
13879
13884
13886
13888
13893
13896
13899
13900
13902
13906
13911
13920
13923
13925
13928
13929
13932
13934
13938
13949
13951
13952
13955
13956
13963
13964
13970
13971
13974
13975
13977
13979
13980
13985
13986
13991
13992
13997
14000
14001
14014
14016
14023
14027
14029
14030
14033
14035
14040
14042
14045
14057
14060
14065
14068
14073
14086
14089
14091
14094
14095
14096
14097
14106
14115
14116
14121
14125
14126
14128
14129
14135
14137
14141
14145
14157
14158
14160
14168
14173
14175
14180
14181
14184
14186
14189
14190
14192
14196
14198
14200
14204
14206
14211
14214
14215
14218
14225
14228
14229
14238
14239
14243
14248
14249
14253
14255
14256
14264
14265
14267
14269
14275
14276
14278
14282
14283
14289
14290
14292
14293
14295
14296
14304
14307
14317
14321
14327
14330
14333
14334
14340
14343
14346
14347
14352
14353
14355
14356
14360
14362
14365
14368
14369
14370
14377
14379
14386
14387
14391
14394
14399
14400
14404
14405
14412
14413
14414
14416
14421
14422
14426
14428
14433
14434
14436
14439
14441
14446
14452
14456
14458
14463
14468
14470
14472
14475
14476
14477
14479
14482
14487
14489
14493
14495
14497
14507
14511
14520
14523
14525
14526
14527
14530
14533
14534
14535
14544
14545
14546
14548
14552
14554
14560
14562
14564
14571
14573
14582
14584
14585
14587
14588
14589
14590
14602
14604
14605
14608
14612
14615
14617
14618
14620
14622
14625
14631
14632
14640
14644
14645
14654
14661
14671
14675
14677
14679
14687
14693
14701
14702
14708
14717
14718
14719
14721
14722
14723
14727
14729
14732
14736
14739
14758
14760
14764
14767
14770
14781
14787
14788
14796
14797
14798
14801
14811
14815
14817
14824
14825
14826
14828
14830
14831
14832
14844
14846
14849
14853
14854
14863
14868
14880
14883
14888
14891
14892
14900
14908
14911
14913
14914
14918
14926
14927
14930
14932
14939
14945
14946
14949
14956
14957
14958
14962
14963
14964
14965
14966
14969
14970
14973
14979
14986
14987
14989
14992
14993
14994
14997
14998
14999
15002
15004
15023
15025
15030
15033
15037
15040
15041
15045
15062
15077
15081
15083
15084
15089
15094
15100
15101
15102
15110
15115
15119
15122
15132
15136
15146
15151
15152
15157
15159
15162
15169
15173
15177
15178
15183
15189
15191
15197
15201
15204
15207
15212
15215
15216
15218
15220
15222
15225
15226
15229
15234
15245
15249
15259
15260
15267
15270
15277
15279
15282
15285
15299
15303
15306
15308
15309
15310
15314
15316
15317
15322
15333
15339
15348
15349
15351
15353
15359
15364
15373
15378
15384
15387
15394
15404
15411
15422
15423
15426
15431
15432
15433
15435
15436
15442
15444
15455
15458
15460
15461
15464
15465
15467
15478
15480
15485
15488
15489
15493
15499
15500
15502
15507
15517
15525
15526
15527
15529
15533
15536
15543
15545
15549
15552
15553
15559
15560
15569
15573
15578
15583
15589
15591
15592
15605
15607
15608
15612
15614
15615
15617
15627
15629
15630
15633
15634
15637
15648
15652
15656
15657
15664
15665
15668
15679
15682
15684
15696
15697
15698
15699
15702
15708
15711
15712
15716
15717
15721
15722
15730
15731
15732
15746
15754
15766
15771
15774
15787
15788
15789
15790
15804
15810
15815
15819
15820
15828
15833
15837
15838
15840
15843
15847
15852
15856
15858
15859
15860
15866
15873
15876
15881
15888
15890
15891
15892
15893
15894
15896
15913
15930
15931
15939
15943
15950
15953
15962
15968
15969
15973
15977
15979
15980
15992
15993
16000
16002
16003
16008
16010
16012
16016
16019
16030
16033
16040
16049
16051
16052
16053
16061
16066
16072
16076
16077
16079
16082
16086
16089
16093
16096
16097
16103
16105
16122
16130
16139
16143
16145
16148
16149
16150
16157
16160
16170
16173
16174
16183
16184
16193
16199
16207
16208
16210
16216
16220
16221
16224
16227
16228
16234
16235
16238
16242
16251
16257
16262
16263
16264
16266
16270
16277
16281
16283
16284
16285
16295
16298
16299
16301
16302
16303
16306
16307
16311
16315
16322
16323
16327
16340
16342
16355
16359
16363
16369
16374
16385
16387
16388
16390
16391
16392
16394
16395
16404
16406
16411
16419
16421
16423
16429
16431
16433
16435
16436
16438
16442
16444
16446
16449
16464
16465
16469
16475
16480
16485
16486
16488
16491
16495
16498
16501
16502
16504
16507
16508
16511
16521
16524
16525
16526
16533
16539
16541
16545
16548
16549
16552
16553
16556
16557
16566
16567
16569
16570
16573
16576
16587
16589
16590
16591
16599
16602
16614
16618
16619
16620
16621
16622
16623
16624
16625
16629
16636
16642
16643
16644
16654
16657
16660
16661
16662
16665
16691
16694
16697
16701
16705
16706
16707
16714
16718
16722
16726
16730
16736
16740
16743
16748
16750
16751
16756
16768
16769
16772
16774
16779
16785
16789
16793
16797
16798
16799
16800
16802
16804
16807
16808
16810
16815
16818
16823
16829
16833
16834
16836
16839
16844
16848
16851
16853
16856
16857
16862
16870
16873
16875
16885
16888
16890
16896
16906
16909
16920
16923
16925
16936
16938
16940
16944
16945
16949
16950
16954
16964
16970
16971
16973
16974
16979
16980
16985
16986
16989
16990
16995
16996
16997
17001
17005
17007
17009
17012
17018
17028
17029
17034
17036
17047
17050
17052
17055
17056
17057
17069
17073
17078
17081
17083
17085
17086
17088
17093
17099
17100
17103
17104
17106
17107
17110
17119
17122
17124
17125
17126
17127
17128
17133
17137
17139
17144
17148
17149
17152
17156
17169
17170
17176
17178
17180
17181
17182
17185
17186
17191
17192
17193
17194
17204
17205
17207
17213
17220
17226
17243
17260
17265
17266
17278
17279
17280
17282
17283
17285
17289
17295
17296
17299
17312
17316
17318
17319
17323
17326
17328
17331
17341
17347
17352
17354
17361
17366
17367
17369
17373
17376
17379
17394
17395
17397
17403
17409
17410
17411
17421
17424
17425
17429
17430
17437
17438
17444
17450
17451
17452
17455
17457
17458
17465
17469
17470
17471
17473
17479
17481
17484
17487
17488
17489
17495
17504
17505
17508
17520
17521
17524
17529
17535
17536
17537
17545
17556
17563
17564
17565
17569
17573
17577
17585
17586
17587
17602
17603
17605
17607
17610
17617
17618
17619
17621
17629
17632
17634
17638
17639
17642
17644
17645
17647
17652
17656
17657
17659
17662
17664
17668
17680
17685
17687
17688
17691
17702
17705
17706
17717
17719
17733
17736
17740
17741
17742
17743
17754
17755
17756
17765
17767
17769
17790
17796
17803
17806
17807
17813
17816
17818
17821
17822
17824
17828
17829
17834
17839
17840
17841
17844
17850
17853
17854
17864
17866
17867
17871
17872
17875
17876
17881
17891
17893
17894
17902
17906
17908
17910
17911
17915
17916
17918
17925
17934
17935
17940
17945
17949
17956
17958
17960
17961
17965
17969
17970
17978
17984
17989
17991
17998
18000
18006
18007
18010
18011
18013
18016
18017
18020
18022
18024
18027
18032
18036
18052
18053
18055
18056
18059
18062
18066
18067
18070
18073
18075
18077
18078
18084
18097
18102
18111
18113
18119
18122
18123
18125
18131
18134
18135
18139
18140
18143
18146
18147
18152
18155
18160
18161
18172
18186
18188
18194
18201
18202
18207
18208
18210
18213
18214
18215
18221
18227
18232
18234
18235
18236
18248
18259
18269
18270
18272
18279
18284
18285
18288
18293
18296
18297
18305
18309
18321
18333
18342
18348
18349
18351
18353
18354
18356
18357
18361
18374
18376
18377
18381
18387
18388
18390
18404
18410
18419
18427
18429
18431
18449
18457
18460
18465
18470
18482
18483
18489
18491
18493
18496
18505
18512
18513
18515
18516
18518
18520
18522
18523
18529
18531
18546
18549
18552
18554
18555
18559
18561
18562
18566
18584
18588
18590
18592
18599
18600
18604
18605
18606
18607
18611
18613
18622
18626
18629
18637
18638
18640
18641
18644
18645
18647
18650
18653
18657
18658
18664
18665
18668
18672
18674
18675
18678
18682
18696
18700
18703
18704
18705
18706
18708
18717
18720
18721
18724
18727
18732
18733
18738
18744
18745
18748
18749
18753
18754
18757
18759
18760
18767
18772
18775
18776
18777
18780
18781
18783
18785
18786
18789
18790
18795
18797
18800
18802
18803
18804
18805
18821
18822
18829
18856
18857
18859
18862
18867
18869
18872
18874
18875
18876
18880
18881
18885
18890
18893
18896
18900
18904
18912
18914
18915
18916
18919
18928
18929
18938
18946
18948
18952
18953
18956
18958
18963
18964
18971
18973
18974
18976
18979
18980
18985
18988
18990
18995
19000
19002
19009
19011
19013
19018
19021
19024
19026
19027
19030
19031
19038
19042
19047
19049
19055
19057
19059
19061
19067
19069
19081
19085
19086
19089
19094
19098
19100
19106
19108
19116
19119
19121
19127
19130
19136
19138
19139
19146
19153
19154
19155
19156
19157
19158
19161
19173
19174
19187
19191
19194
19201
19204
19205
19206
19213
19216
19220
19224
19233
19235
19236
19238
19243
19248
19251
19257
19259
19262
19265
19266
19275
19277
19278
19280
19281
19284
19293
19295
19297
19304
19305
19312
19313
19316
19319
19331
19333
19334
19335
19336
19345
19349
19352
19355
19356
19357
19358
19364
19369
19370
19371
19373
19374
19380
19394
19397
19399
19401
19404
19406
19408
19414
19419
19423
19425
19432
19433
19436
19438
19441
19442
19443
19444
19459
19460
19468
19470
19474
19477
19479
19482
19488
19492
19493
19501
19503
19505
19509
19511
19513
19515
19523
19528
19530
19531
19534
19536
19542
19543
19547
19552
19557
19558
19559
19560
19564
19568
19575
19579
19585
19588
19591
19595
19596
19597
19599
19604
19605
19606
19607
19612
19624
19631
19634
19640
19642
19648
19656
19657
19658
19659
19664
19669
19675
19677
19680
19682
19695
19709
19714
19716
19726
19731
19733
19737
19738
19742
19744
19759
19761
19765
19769
19775
19780
19782
19784
19785
19787
19792
19799
19803
19806
19808
19811
19814
19820
19822
19824
19827
19831
19835
19845
19852
19853
19857
19866
19867
19870
19879
19880
19881
19882
19885
19890
19898
19904
19905
19914
19922
19926
19927
19938
19940
19945
19953
19954
19955
19963
19974
19978
19981
19984
19988
19989
19992
19997
20000
20002
20005
20006
20007
20014
20021
20024
20028
20030
20033
20034
20036
20042
20043
20053
20057
20058
20062
20064
20069
20071
20075
20088
20089
20091
20094
20097
20113
20120
20121
20129
20136
20137
20140
20142
20143
20153
20159
20161
20166
20169
20177
20180
20181
20182
20185
20193
20198
20199
20201
20203
20208
20210
20213
20214
20215
20218
20219
20224
20226
20228
20231
20232
20235
20241
20243
20245
20248
20249
20251
20260
20263
20265
20268
20277
20281
20286
20287
20289
20291
20293
20294
20301
20304
20305
20306
20313
20317
20318
20323
20325
20328
20335
20336
20343
20344
20346
20348
20349
20351
20352
20356
20364
20366
20374
20380
20385
20389
20394
20398
20399
20415
20426
20432
20433
20435
20447
20462
20465
20470
20471
20472
20473
20474
20476
20479
20482
20484
20485
20494
20495
20496
20505
20506
20507
20510
20512
20513
20515
20518
20533
20535
20550
20552
20554
20556
20561
20563
20564
20568
20569
20570
20572
20573
20575
20582
20588
20590
20592
20595
20597
20598
20599
20604
20605
20606
20611
20612
20615
20620
20628
20631
20637
20642
20644
20645
20652
20655
20659
20662
20663
20664
20666
20671
20675
20677
20678
20684
20685
20691
20693
20696
20701
20703
20708
20709
20712
20714
20716
20719
20721
20728
20730
20733
20735
20738
20739
20740
20741
20743
20753
20766
20770
20777
20780
20782
20787
20802
20804
20805
20808
20813
20821
20822
20824
20829
20830
20836
20839
20843
20845
20848
20859
20866
20867
20876
20878
20881
20882
20883
20888
20889
20891
20893
20894
20897
20901
20903
20907
20910
20914
20918
20920
20926
20930
20936
20938
20940
20941
20945
20952
20960
20963
20967
20974
20981
20983
20984
20985
20986
20987
20990
20991
20992
21000
21001
21004
21011
21015
21016
21017
21023
21024
21029
21030
21033
21039
21043
21045
21047
21049
21052
21054
21055
21056
21059
21067
21069
21070
21073
21076
21079
21087
21088
21091
21092
21093
21094
21096
21100
21102
21103
21108
21109
21110
21112
21113
21115
21120
21123
21124
21130
21133
21134
21136
21138
21139
21143
21144
21152
21153
21155
21160
21161
21165
21167
21168
21171
21176
21177
21179
21186
21192
21195
21197
21201
21202
21213
21217
21220
21221
21222
21228
21245
21248
21256
21257
21258
21266
21267
21269
21276
21278
21280
21292
21298
21299
21312
21315
21318
21320
21331
21333
21335
21339
21342
21349
21351
21355
21357
21360
21363
21371
21372
21376
21381
21382
21385
21386
21388
21390
21391
21393
21395
21396
21397
21408
21413
21415
21417
21419
21421
21426
21433
21434
21435
21443
21447
21451
21454
21456
21457
21458
21459
21460
21469
21471
21475
21478
21479
21483
21486
21487
21491
21494
21506
21518
21519
21523
21524
21535
21536
21541
21542
21545
21551
21555
21562
21563
21571
21572
21586
21588
21591
21592
21597
21606
21610
21611
21614
21617
21621
21622
21623
21625
21629
21633
21638
21639
21647
21649
21651
21655
21665
21667
21671
21682
21687
21696
21700
21708
21716
21717
21726
21727
21733
21735
21739
21740
21747
21749
21750
21753
21754
21760
21766
21772
21775
21778
21779
21780
21781
21785
21789
21792
21796
21798
21810
21813
21815
21817
21819
21823
21826
21829
21842
21845
21847
21848
21852
21858
21859
21869
21876
21877
21882
21885
21889
21894
21899
21903
21905
21907
21909
21910
21919
21925
21936
21937
21944
21945
21946
21948
21952
21953
21954
21961
21962
21963
21968
21971
21973
21983
21986
21991
21992
21996
21998
22004
22005
22007
22011
22015
22020
22022
22023
22026
22029
22030
22034
22039
22044
22046
22049
22053
22055
22060
22062
22065
22066
22072
22075
22077
22078
22080
22087
22088
22089
22093
22101
22106
22112
22119
22121
22128
22140
22143
22153
22155
22157
22164
22165
22166
22169
22171
22177
22179
22182
22183
22185
22188
22191
22194
22204
22211
22212
22221
22222
22229
22230
22254
22255
22260
22270
22277
22282
22283
22284
22289
22293
22294
22297
22304
22306
22310
22318
22322
22327
22328
22333
22337
22340
22347
22350
22356
22365
22379
22384
22389
22390
22393
22400
22401
22403
22416
22418
22424
22431
22434
22435
22436
22441
22443
22449
22451
22452
22458
22462
22467
22471
22475
22476
22480
22486
22488
22491
22500
22501
22504
22507
22508
22510
22512
22515
22520
22526
22527
22530
22535
22537
22541
22542
22544
22547
22548
22551
22552
22557
22573
22577
22583
22586
22588
22597
22600
22602
22603
22606
22609
22617
22622
22625
22631
22632
22634
22640
22644
22664
22676
22679
22685
22686
22687
22692
22703
22715
22718
22732
22735
22740
22746
22749
22750
22752
22753
22756
22759
22764
22765
22780
22784
22785
22786
22788
22795
22796
22801
22804
22810
22823
22824
22835
22840
22853
22864
22865
22871
22872
22874
22875
22878
22883
22886
22892
22899
22900
22901
22902
22909
22914
22916
22917
22921
22922
22929
22940
22942
22943
22952
22953
22960
22964
22974
22981
22987
22991
22995
22997
22999
23008
23011
23022
23023
23027
23034
23037
23044
23046
23058
23064
23065
23077
23087
23088
23105
23117
23125
23126
23129
23136
23138
23139
23150
23155
23164
23165
23174
23196
23200
23205
23206
23208
23217
23223
23224
23232
23235
23237
23238
23239
23245
23250
23255
23258
23269
23270
23273
23286
23288
23289
23296
23305
23311
23314
23316
23319
23322
23330
23332
23333
23336
23342
23344
23354
23358
23370
23381
23385
23391
23394
23395
23401
23412
23417
23418
23433
23434
23445
23451
23453
23455
23460
23464
23465
23474
23478
23483
23491
23492
23496
23509
23510
23514
23515
23522
23526
23528
23535
23541
23543
23547
23548
23568
23569
23570
23573
23582
23585
23588
23591
23599
23617
23619
23620
23633
23641
23644
23645
23658
23659
23669
23674
23676
23682
23684
23692
23701
23720
23723
23724
23732
23735
23737
23739
23749
23754
23757
23762
23769
23773
23774
23800
23807
23815
23820
23825
23831
23841
23848
23849
23850
23854
23858
23867
23870
23872
23878
23882
23886
23887
23897
23898
23901
23924
23926
23931
23935
23941
23956
23959
23961
23968
23974
23977
23982
23991
23992
23997
24000
24018
24040
24043
24049
24054
24059
24062
24063
24064
24072
24075
24079
24086
24087
24088
24090
24091
24102
24104
24115
24117
24123
24130
24136
24143
24146
24147
24158
24161
24163
24164
24165
24166
24168
24181
24183
24194
24197
24203
24205
24208
24209
24210
24211
24213
24217
24224
24227
24228
24234
24235
24236
24245
24247
24255
24261
24263
24266
24275
24276
24277
24289
24293
24308
24317
24320
24327
24332
24333
24335
24336
24338
24342
24350
24366
24391
24394
24403
24414
24421
24428
24447
24460
24474
24476
24481
24486
24493
24497
24500
24501
24502
24506
24508
24510
24511
24512
24513
24515
24516
24517
24522
24524
24533
24536
24537
24550
24555
24562
24571
24590
24604
24617
24620
24631
24635
24638
24645
24646
24650
24651
24656
24658
24673
24680
24682
24688
24694
24710
24715
24716
24723
24731
24736
24739
24746
24747
24748
24750
24756
24768
24771
24777
24784
24789
24797
24799
24820
24828
24834
24835
24844
24849
24851
24854
24856
24858
24859
24860
24862
24882
24894
24903
24906
24910
24915
24920
24923
24926
24930
24932
24945
24948
24956
24970
24973
24979
24980
24981
24987
24988
24989
24993
24997
25000
