4
5
11
13
24
39
49
50
75
83
86
91
96
98
99
124
126
130
134
136
141
142
144
165
172
176
183
197
200
213
215
216
219
223
229
237
257
258
260
264
270
273
284
294
298
301
316
321
322
330
338
342
353
359
361
365
374
387
396
399
422
423
432
436
450
451
457
461
465
466
468
480
483
489
504
508
513
522
523
529
530
542
543
548
551
560
571
580
585
588
591
602
603
604
637
642
672
689
693
698
719
735
744
747
753
793
810
816
823
827
829
841
843
844
862
864
875
884
888
895
898
901
908
914
929
935
948
953
956
958
964
975
979
988
1006
1017
1025
1028
1040
1041
1043
1045
1046
1049
1055
1067
1076
1079
1083
1087
1094
1097
1105
1117
1119
1120
1121
1125
1132
1135
1141
1142
1148
1152
1153
1173
1181
1189
1190
1197
1201
1205
1215
1222
1224
1226
1233
1234
1235
1239
1245
1248
1258
1262
1267
1274
1278
1280
1281
1282
1297
1310
1312
1313
1318
1320
1321
1322
1330
1362
1367
1371
1378
1383
1390
1393
1396
1397
1402
1403
1407
1415
1421
1427
1430
1433
1449
1463
1466
1474
1477
1482
1489
1497
1500
1501
1503
1508
1511
1532
1536
1540
1545
1550
1551
1568
1569
1571
1579
1582
1583
1589
1595
1602
1609
1610
1613
1614
1615
1622
1625
1641
1642
1648
1650
1663
1664
1665
1683
1687
1688
1695
1700
1701
1706
1711
1717
1718
1722
1723
1732
1736
1741
1747
1750
1753
1754
1755
1756
1759
1786
1788
1797
1819
1821
1822
1833
1838
1840
1850
1858
1862
1866
1874
1888
1889
1891
1902
1905
1911
1913
1917
1925
1929
1931
1932
1933
1934
1936
1945
1949
1954
1955
1959
1973
1984
1996
2001
2002
2004
2020
2032
2034
2057
2067
2073
2079
2083
2084
2086
2088
2095
2097
2098
2102
2116
2126
2128
2137
2143
2157
2169
2175
2179
2180
2181
2187
2193
2196
2197
2199
2209
2211
2215
2221
2224
2241
2242
2246
2258
2266
2269
2276
2285
2292
2298
2308
2309
2313
2320
2324
2328
2330
2332
2339
2340
2341
2346
2354
2359
2360
2367
2376
2380
2387
2397
2399
2410
2412
2421
2422
2424
2427
2440
2445
2446
2450
2451
2455
2461
2467
2477
2478
2481
2484
2489
2495
2502
2506
2512
2519
2558
2559
2560
2575
2577
2578
2586
2588
2593
2594
2595
2598
2619
2620
2622
2624
2625
2646
2659
2663
2666
2691
2694
2699
2701
2704
2706
2714
2719
2734
2737
2743
2754
2774
2777
2780
2784
2785
2793
2801
2813
2841
2853
2854
2860
2862
2879
2884
2887
2888
2892
2911
2912
2922
2927
2929
2935
2936
2941
2944
2957
2972
2974
2976
2984
2994
2996
2998
3022
3029
3032
3039
3042
3045
3061
3070
3072
3075
3077
3081
3085
3086
3105
3110
3118
3121
3126
3141
3159
3160
3161
3165
3168
3169
3170
3171
3175
3186
3188
3193
3195
3209
3210
3224
3225
3244
3248
3266
3272
3273
3289
3291
3307
3308
3309
3322
3331
3338
3339
3345
3354
3358
3359
3362
3376
3380
3384
3388
3392
3399
3402
3404
3406
3410
3413
3428
3429
3430
3432
3440
3442
3445
3447
3450
3451
3455
3463
3465
3466
3472
3474
3477
3492
3501
3502
3503
3508
3514
3520
3523
3529
3530
3533
3545
3549
3550
3551
3553
3558
3566
3568
3569
3574
3576
3583
3584
3591
3599
3600
3602
3608
3614
3615
3618
3636
3641
3650
3653
3659
3670
3672
3680
3686
3712
3713
3721
3723
3747
3750
3753
3758
3761
3770
3774
3785
3787
3788
3791
3799
3801
3809
3814
3819
3832
3833
3843
3844
3849
3875
3879
3880
3909
3916
3924
3926
3935
3938
3952
3966
3968
3969
3970
3978
3980
3990
3992
4007
4018
4024
4030
4035
4038
4041
4048
4053
4060
4063
4065
4069
4076
4077
4090
4093
4096
4102
4104
4108
4111
4124
4125
4127
4136
4141
4142
4150
4163
4168
4178
4184
4192
4202
4204
4215
4224
4226
4227
4228
4236
4245
4262
4264
4268
4271
4292
4297
4300
4311
4322
4327
4338
4339
4346
4351
4352
4362
4373
4377
4379
4397
4402
4405
4408
4409
4411
4414
4417
4418
4419
4420
4424
4425
4437
4438
4446
4448
4459
4465
4467
4472
4473
4478
4479
4486
4488
4493
4508
4509
4510
4511
4531
4539
4550
4562
4563
4578
4584
4611
4613
4614
4625
4634
4635
4652
4656
4657
4659
4670
4671
4678
4681
4683
4691
4702
4703
4739
4743
4744
4752
4757
4763
4765
4768
4775
4782
4792
4795
4796
4798
4802
4820
4821
4824
4827
4831
4834
4836
4851
4861
4862
4866
4867
4871
4887
4888
4895
4896
4897
4900
4902
4918
4935
4946
4950
4951
4954
4965
4973
4983
4986
4988
4991
4996
5017
5023
5024
5042
5049
5051
5058
5073
5077
5085
5090
5096
5098
5102
5108
5109
5122
5126
5136
5138
5166
5174
5187
5189
5192
5195
5202
5206
5246
5247
5255
5256
5257
5266
5282
5287
5293
5294
5317
5319
5329
5332
5339
5340
5346
5349
5351
5356
5360
5373
5379
5387
5389
5390
5391
5397
5410
5412
5414
5415
5419
5432
5436
5439
5441
5442
5443
5445
5446
5455
5461
5486
5493
5494
5501
5514
5516
5523
5525
5543
5544
5548
5551
5559
5565
5569
5600
5601
5614
5626
5628
5638
5640
5645
5654
5655
5661
5665
5666
5667
5683
5686
5688
5691
5692
5693
5706
5715
5721
5725
5739
5741
5745
5750
5759
5765
5789
5805
5817
5822
5823
5825
5826
5831
5846
5847
5849
5856
5860
5864
5870
5871
5872
5873
5876
5885
5913
5932
5938
5947
5959
5960
5970
5971
5974
5998
6007
6009
6011
6014
6016
6028
6030
6043
6044
6071
6077
6096
6098
6102
6107
6110
6139
6140
6142
6156
6171
6179
6180
6192
6214
6220
6221
6226
6229
6231
6236
6248
6249
6255
6261
6262
6269
6274
6275
6292
6293
6294
6295
6315
6327
6329
6330
6332
6342
6345
6348
6350
6354
6363
6371
6374
6375
6391
6400
6402
6407
6416
6427
6431
6441
6443
6451
6452
6457
6471
6479
6485
6508
6513
6515
6520
6528
6540
6555
6560
6568
6569
6574
6578
6582
6592
6593
6595
6597
6614
6625
6626
6641
6655
6666
6677
6686
6700
6713
6731
6734
6737
6739
6744
6750
6755
6758
6761
6772
6778
6791
6800
6801
6803
6806
6813
6840
6844
6846
6867
6870
6872
6876
6878
6885
6886
6891
6897
6902
6907
6924
6925
6932
6934
6937
6943
6947
6948
6966
6967
6997
7002
7005
7012
7020
7029
7034
7041
7050
7067
7080
7082
7089
7091
7097
7104
7110
7111
7112
7123
7133
7141
7153
7154
7166
7177
7187
7192
7197
7202
7203
7207
7216
7217
7231
7233
7234
7242
7245
7246
7257
7270
7288
7289
7295
7298
7307
7311
7329
7332
7334
7338
7341
7342
7357
7358
7365
7366
7368
7370
7377
7383
7384
7385
7388
7392
7393
7403
7427
7439
7444
7463
7464
7498
7500
7513
7524
7533
7537
7549
7554
7583
7587
7589
7592
7618
7628
7630
7634
7635
7648
7651
7655
7667
7677
7679
7681
7684
7699
7716
7748
7751
7756
7758
7764
7776
7790
7791
7801
7815
7817
7834
7848
7853
7856
7857
7861
7862
7875
7878
7900
7917
7931
7941
7944
7948
7954
7959
7969
7972
7974
7979
8000
8003
8015
8018
8019
8066
8072
8074
8099
8101
8104
8121
8132
8137
8143
8145
8157
8158
8160
8164
8165
8180
8196
8197
8198
8202
8203
8206
8209
8221
8224
8225
8226
8230
8245
8253
8279
8281
8290
8291
8300
8307
8324
8337
8357
8371
8384
8387
8408
8414
8432
8444
8452
8453
8470
8487
8489
8508
8511
8517
8522
8527
8531
8549
8553
8558
8565
8587
8592
8593
8598
8613
8618
8624
8627
8629
8633
8636
8647
8657
8663
8677
8685
8690
8710
8712
8713
8726
8734
8745
8767
8779
8784
8789
8797
8802
8805
8812
8813
8815
8823
8827
8837
8842
8851
8865
8868
8874
8876
8896
8899
8900
8903
8905
8906
8907
8914
8922
8928
8930
8934
8939
8954
8967
8969
8971
8974
8978
8996
9000
9008
9013
9014
9018
9019
9031
9036
9042
9049
9051
9058
9069
9070
9091
9137
9143
9148
9156
9158
9171
9187
9192
9199
9218
9226
9234
9240
9241
9249
9250
9251
9256
9261
9264
9265
9289
9291
9304
9330
9357
9363
9379
9384
9394
9401
9406
9412
9426
9429
9433
9434
9441
9442
9449
9451
9452
9460
9464
9484
9492
9494
9499
9501
9506
9509
9512
9522
9523
9526
9527
9530
9534
9535
9540
9543
9550
9559
9561
9564
9573
9582
9583
9584
9589
9611
9612
9614
9629
9643
9656
9658
9659
9663
9681
9687
9690
9700
9704
9715
9717
9718
9719
9724
9729
9731
9737
9741
9752
9765
9766
9770
9775
9777
9791
9792
9804
9815
9816
9825
9826
9832
9833
9836
9837
9839
9840
9844
9854
9857
9881
9885
9887
9892
9893
9897
9915
9925
9927
9930
9935
9936
9938
9954
9966
9969
9994
9995
9996
10002
10012
10017
10026
10038
10042
10046
10048
10055
10056
10061
10063
10066
10085
10092
10093
10100
10106
10107
10109
10116
10125
10131
10137
10144
10148
10149
10155
10157
10158
10167
10178
10184
10190
10201
10206
10207
10211
10213
10217
10218
10220
10221
10227
10232
10238
10239
10244
10247
10258
10259
10267
10273
10276
10279
10281
10285
10289
10290
10300
10301
10325
10337
10343
10346
10347
10348
10361
10371
10398
10403
10406
10409
10414
10416
10421
10434
10435
10436
10438
10439
10443
10452
10463
10472
10473
10475
10476
10481
10486
10494
10500
10504
10510
10514
10519
10522
10530
10533
10534
10536
10541
10568
10582
10584
10585
10586
10587
10591
10598
10605
10612
10614
10615
10618
10621
10625
10632
10638
10643
10650
10661
10667
10685
10689
10692
10713
10724
10743
10752
10768
10776
10781
10785
10787
10795
10796
10798
10807
10814
10818
10822
10825
10835
10847
10871
10882
10886
10894
10896
10897
10909
10911
10929
10931
10940
10961
10977
10979
10984
10992
11008
11018
11027
11028
11034
11040
11043
11048
11055
11068
11072
11094
11096
11101
11102
11103
11109
11114
11128
11140
11142
11144
11150
11163
11165
11173
11176
11178
11182
11193
11204
11209
11215
11224
11226
11231
11249
11250
11254
11271
11276
11279
11282
11291
11294
11296
11303
11317
11324
11338
11340
11347
11349
11353
11369
11375
11376
11383
11385
11401
11403
11405
11406
11418
11424
11427
11432
11440
11446
11455
11460
11482
11488
11497
11509
11533
11534
11542
11545
11563
11572
11580
11581
11583
11584
11587
11588
11596
11605
11628
11629
11631
11634
11635
11648
11662
11691
11703
11723
11729
11733
11736
11737
11746
11754
11768
11771
11773
11774
11775
11790
11810
11812
11830
11845
11852
11880
11888
11891
11892
11897
11906
11925
11928
11939
11940
11942
11943
11946
11947
11951
11959
11963
11986
11989
11998
12024
12031
12078
12097
12102
12124
12127
12130
12134
12138
12144
12151
12152
12154
12155
12176
12183
12188
12191
12202
12209
12211
12213
12216
12222
12226
12229
12232
12238
12263
12268
12271
12292
12293
12309
12311
12314
12319
12324
12326
12327
12333
12345
12346
12347
12348
12358
12377
12382
12393
12408
12419
12420
12425
12433
12436
12445
12449
12451
12453
12461
12477
12480
12487
12491
12494
12500
12501
12517
12521
12536
12540
12543
12550
12555
12558
12565
12576
12589
12595
12598
12608
12613
12617
12618
12625
12634
12640
12645
12656
12662
12681
12693
12695
12701
12702
12714
12717
12723
12725
12728
12730
12732
12736
12740
12758
12764
12775
12777
12782
12798
12799
12816
12829
12832
12834
12840
12861
12864
12867
12870
12876
12881
12900
12922
12926
12933
12936
12946
12956
12960
12962
12973
12979
12989
12994
13004
13008
13014
13017
13023
13038
13040
13043
13047
13063
13069
13079
13082
13083
13086
13103
13113
13114
13116
13131
13145
13161
13166
13168
13170
13185
13192
13195
13200
13212
13216
13217
13222
13224
13230
13234
13243
13244
13248
13249
13257
13259
13263
13271
13272
13277
13286
13288
13290
13291
13304
13305
13317
13327
13334
13347
13350
13352
13366
13374
13377
13386
13389
13396
13406
13410
13411
13425
13441
13448
13454
13461
13468
13498
13502
13506
13519
13535
13537
13539
13542
13547
13557
13558
13559
13560
13566
13576
13583
13605
13633
13636
13650
13655
13674
13677
13678
13680
13684
13686
13694
13707
13716
13719
13725
13728
13733
13738
13752
13753
13763
13767
13783
13785
13787
13788
13796
13810
13811
13837
13842
13852
13865
13875
13884
13888
13896
13899
13920
13923
13929
13938
13949
13951
13952
13956
13963
13964
13974
13975
13977
13979
13980
13985
13986
13991
13997
14000
14001
14023
14027
14029
14035
14065
14073
14086
14089
14091
14094
14095
14106
14115
14116
14121
14128
14129
14137
14141
14157
14160
14168
14173
14180
14184
14186
14189
14192
14198
14204
14218
14225
14243
14249
14253
14255
14256
14265
14269
14276
14278
14283
14295
14317
14333
14334
14343
14346
14347
14352
14356
14365
14369
14370
14386
14399
14400
14404
14414
14416
14421
14434
14436
14452
14463
14468
14470
14472
14476
14487
14493
14497
14511
14520
14525
14527
14534
14535
14546
14548
14571
14573
14582
14584
14585
14590
14602
14605
14608
14617
14618
14622
14625
14645
14661
14671
14675
14687
14693
14701
14708
14721
14722
14723
14727
14729
14732
14739
14767
14770
14796
14801
14811
14815
14824
14828
14830
14849
14853
14863
14868
14883
14892
14900
14908
14911
14914
14918
14926
14927
14932
14945
14946
14956
14962
14963
14964
14966
14969
14970
14973
14987
14992
14994
15002
15004
15023
15025
15030
15037
15040
15041
15045
15062
15081
15083
15101
15102
15122
15132
15151
15157
15162
15169
15177
15178
15183
15191
15201
15215
15222
15225
15226
15229
15234
15249
15270
15282
15299
15308
15309
15310
15314
15317
15322
15348
15349
15351
15359
15364
15384
15387
15394
15411
15422
15423
15426
15431
15432
15433
15435
15442
15455
15458
15460
15461
15464
15465
15467
15485
15488
15500
15502
15517
15525
15526
15527
15533
15543
15545
15549
15552
15553
15559
15560
15589
15591
15592
15605
15607
15608
15612
15615
15627
15634
15648
15652
15664
15665
15668
15682
15696
15697
15699
15702
15708
15711
15712
15717
15721
15730
15731
15746
15754
15774
15804
15810
15819
15820
15828
15833
15838
15840
15843
15852
15856
15858
15866
15888
15892
15894
15913
15930
15953
15962
15968
15969
15979
15992
15993
16000
16002
16003
16008
16012
16019
16030
16033
16049
16053
16077
16079
16096
16103
16105
16122
16145
16148
16150
16157
16170
16173
16174
16183
16184
16193
16199
16207
16208
16220
16224
16227
16228
16234
16238
16242
16251
16257
16262
16263
16264
16270
16281
16283
16284
16285
16295
16299
16302
16303
16306
16307
16327
16340
16355
16359
16374
16385
16391
16392
16394
16395
16406
16411
16419
16421
16423
16431
16433
16436
16438
16444
16464
16469
16480
16488
16491
16495
16498
16521
16525
16533
16541
16545
16548
16549
16552
16553
16556
16566
16567
16570
16576
16589
16590
16599
16602
16618
16619
16623
16625
16643
16654
16657
16661
16665
16697
16701
16705
16707
16714
16718
16730
16736
16743
16748
16750
16751
16756
16774
16779
16785
16789
16793
16797
16798
16799
16800
16804
16807
16808
16815
16829
16833
16834
16848
16857
16870
16896
16906
16909
16923
16925
16936
16938
16940
16944
16970
16979
16995
17001
17005
17007
17028
17029
17047
17050
17055
17056
17073
17078
17081
17083
17088
17093
17099
17100
17103
17104
17107
17110
17124
17125
17126
17127
17128
17133
17137
17144
17149
17152
17156
17169
17176
17178
17193
17194
17205
17226
17265
17266
17283
17285
17289
17295
17296
17312
17319
17326
17328
17331
17341
17347
17352
17361
17366
17367
17369
17373
17395
17397
17409
17410
17411
17421
17424
17425
17429
17430
17437
17438
17444
17465
17469
17470
17471
17481
17484
17489
17495
17508
17520
17537
17545
17556
17564
17565
17569
17573
17585
17586
17587
17602
17603
17605
17607
17610
17619
17629
17634
17638
17639
17642
17644
17647
17656
17657
17659
17668
17688
17691
17702
17705
17706
17733
17736
17740
17741
17743
17755
17756
17765
17767
17796
17803
17807
17813
17816
17818
17822
17824
17829
17834
17839
17840
17841
17844
17850
17853
17854
17864
17872
17875
17891
17902
17906
17908
17911
17915
17916
17918
17940
17945
17949
17956
17958
17960
17961
17965
17969
17984
17991
17998
18007
18010
18013
18027
18053
18055
18056
18062
18066
18067
18075
18077
18084
18102
18122
18131
18135
18140
18147
18152
18194
18201
18208
18213
18214
18232
18259
18269
18270
18272
18284
18296
18297
18305
18321
18333
18348
18349
18353
18354
18357
18361
18376
18381
18387
18390
18404
18410
18419
18427
18431
18449
18457
18460
18482
18489
18491
18496
18505
18512
18513
18522
18546
18552
18555
18559
18561
18562
18584
18592
18604
18605
18629
18637
18638
18640
18641
18645
18650
18658
18665
18672
18675
18678
18700
18704
18706
18717
18727
18732
18733
18744
18745
18754
18775
18776
18777
18780
18781
18786
18789
18790
18800
18821
18822
18829
18857
18859
18862
18867
18872
18874
18876
18880
18885
18890
18896
18900
18912
18914
18915
18916
18928
18938
18946
18952
18953
18958
18971
18973
18979
18980
18985
18988
18990
19000
19002
19011
19013
19018
19021
19024
19026
19027
19038
19042
19047
19049
19057
19059
19061
19069
19086
19089
19098
19100
19106
19108
19116
19121
19127
19130
19136
19138
19139
19153
19156
19157
19173
19191
19201
19204
19205
19216
19220
19224
19233
19236
19238
19243
19251
19259
19262
19265
19275
19277
19278
19280
19295
19297
19304
19305
19312
19313
19316
19336
19345
19349
19352
19356
19358
19369
19397
19401
19406
19414
19425
19436
19441
19443
19468
19470
19474
19482
19488
19513
19515
19523
19528
19530
19531
19534
19542
19543
19547
19552
19557
19558
19568
19575
19579
19585
19588
19591
19595
19596
19597
19599
19604
19605
19606
19607
19612
19631
19640
19642
19648
19657
19658
19659
19664
19675
19677
19680
19682
19714
19716
19731
19733
19738
19742
19761
19769
19780
19782
19784
19785
19787
19792
19799
19803
19811
19824
19827
19845
19852
19857
19870
19880
19881
19898
19905
19914
19927
19945
19953
19954
19955
19963
19974
19981
19984
19992
19997
20000
20002
20006
20014
20030
20034
20043
20053
20057
20058
20062
20069
20088
20089
20091
20094
20097
20113
20120
20129
20137
20140
20142
20143
20153
20159
20180
20181
20182
20185
20198
20199
20203
20208
20210
20213
20218
20226
20228
20232
20241
20243
20245
20248
20249
20260
20263
20289
20291
20293
20301
20305
20306
20313
20317
20318
20323
20335
20346
20349
20351
20366
20374
20394
20398
20432
20433
20435
20462
20465
20474
20476
20479
20482
20485
20505
20506
20507
20510
20512
20513
20515
20518
20533
20552
20554
20556
20561
20563
20564
20569
20570
20572
20573
20588
20592
20597
20598
20599
20604
20605
20606
20615
20620
20628
20637
20644
20652
20662
20664
20675
20684
20685
20693
20703
20708
20709
20714
20716
20728
20739
20740
20741
20743
20780
20782
20804
20805
20808
20821
20822
20824
20829
20830
20836
20839
20843
20848
20876
20878
20881
20882
20883
20888
20889
20891
20901
20903
20914
20940
20960
20967
20974
20981
20983
20986
20987
20990
20992
21001
21015
21016
21023
21024
21039
21043
21045
21049
21052
21054
21067
21069
21076
21079
21088
21091
21093
21100
21102
21103
21108
21110
21112
21113
21115
21120
21123
21124
21130
21134
21138
21139
21143
21144
21152
21153
21155
21165
21176
21179
21186
21195
21197
21202
21213
21221
21228
21245
21248
21256
21257
21258
21278
21292
21298
21299
21315
21318
21320
21335
21339
21342
21355
21357
21360
21363
21372
21376
21381
21382
21390
21393
21395
21397
21413
21415
21419
21421
21426
21443
21454
21456
21457
21469
21475
21478
21479
21483
21487
21491
21494
21506
21518
21519
21523
21524
21535
21536
21545
21551
21555
21571
21572
21591
21592
21597
21606
21610
21617
21621
21622
21623
21625
21629
21639
21647
21649
21665
21667
21687
21696
21700
21708
21717
21726
21735
21739
21740
21754
21760
21766
21778
21779
21780
21789
21792
21796
21798
21815
21823
21845
21847
21848
21852
21858
21859
21869
21876
21882
21885
21894
21903
21910
21919
21925
21948
21952
21953
21961
21962
21971
21986
21991
21998
22004
22007
22011
22020
22023
22029
22030
22039
22044
22055
22065
22066
22077
22078
22080
22088
22093
22101
22106
22112
22119
22121
22128
22155
22157
22165
22166
22169
22177
22183
22185
22188
22191
22194
22204
22211
22222
22229
22255
22283
22289
22306
22310
22318
22327
22328
22333
22337
22340
22356
22379
22389
22393
22400
22401
22403
22418
22431
22434
22436
22441
22443
22449
22452
22458
22462
22471
22475
22480
22486
22501
22508
22510
22515
22520
22526
22527
22537
22542
22548
22552
22577
22583
22588
22597
22602
22603
22609
22617
22625
22632
22640
22664
22676
22679
22686
22687
22692
22735
22750
22753
22756
22759
22764
22765
22780
22784
22786
22795
22804
22823
22824
22835
22853
22865
22872
22874
22878
22886
22899
22900
22901
22909
22916
22921
22940
22942
22952
22953
22960
22987
22991
22995
22997
22999
23011
23044
23058
23064
23077
23087
23088
23105
23117
23125
23136
23150
23155
23174
23200
23206
23208
23223
23224
23232
23235
23237
23239
23270
23288
23296
23311
23314
23316
23322
23332
23333
23336
23342
23344
23354
23358
23370
23381
23385
23394
23395
23401
23412
23417
23433
23451
23455
23460
23464
23474
23491
23492
23496
23509
23510
23514
23526
23528
23535
23547
23568
23569
23573
23588
23591
23599
23617
23641
23644
23658
23659
23669
23674
23676
23692
23723
23724
23737
23749
23757
23762
23773
23800
23807
23815
23820
23825
23831
23841
23848
23849
23858
23867
23870
23878
23882
23887
23897
23931
23935
23959
23961
23974
23991
23997
24040
24043
24054
24063
24064
24072
24079
24087
24088
24117
24136
24146
24161
24165
24183
24194
24197
24203
24205
24209
24213
24227
24228
24234
24235
24245
24247
24255
24261
24266
24275
24276
24277
24289
24293
24308
24320
24327
24332
24350
24394
24414
24421
24428
24447
24460
24474
24476
24481
24493
24500
24501
24510
24511
24512
24513
24516
24517
24524
24533
24537
24550
24555
24571
24604
24620
24635
24638
24650
24651
24656
24673
24680
24716
24736
24739
24746
24756
24768
24777
24784
24797
24835
24844
24849
24851
24854
24856
24859
24860
24862
24894
24903
24906
24920
24923
24945
24979
24980
24981
24988
24989
24993
25000
