7
16
18
24
26
36
75
83
84
88
89
92
101
106
122
126
127
132
138
144
152
175
178
192
201
214
216
225
232
239
241
244
256
265
268
299
300
329
359
362
377
391
406
419
427
436
448
450
455
462
465
477
480
507
510
523
529
549
562
576
584
586
587
606
621
632
634
637
642
647
684
686
698
706
707
710
713
726
728
730
733
734
738
744
745
749
755
769
771
776
777
784
789
791
800
806
823
854
856
868
871
873
878
879
891
918
924
935
944
947
953
978
980
988
989
997
999
1007
1012
1019
1041
1048
1049
1090
1107
1116
1130
1134
1188
1190
1210
1221
1224
1245
1248
1253
1254
1261
1267
1270
1301
1305
1306
1307
1312
1320
1322
1355
1362
1404
1407
1409
1415
1416
1420
1422
1424
1426
1445
1446
1451
1464
1484
1500
1503
1505
1510
1530
1536
1545
1550
1573
1598
1599
1602
1615
1619
1622
1633
1643
1645
1655
1666
1683
1705
1706
1717
1727
1729
1731
1737
1739
1741
1742
1752
1755
1756
1768
1772
1773
1774
1779
1780
1784
1791
1796
1797
1823
1828
1830
1831
1844
1851
1862
1864
1872
1879
1889
1890
1910
1913
1917
1919
1945
1957
1958
1972
1973
1979
1981
1984
1986
1988
1990
2017
2033
2037
2057
2079
2100
2126
2155
2167
2171
2174
2179
2198
2203
2212
2225
2236
2237
2239
2251
2320
2330
2355
2369
2426
2429
2430
2434
2438
2441
2442
2467
2497
2507
2513
2514
2520
2528
2549
2552
2553
2559
2576
2580
2609
2612
2622
2623
2626
2651
2663
2673
2674
2681
2707
2711
2714
2717
2730
2781
2785
2799
2806
2815
2829
2837
2842
2846
2849
2869
2875
2884
2892
2900
2907
2925
2944
2945
2964
2969
2973
3005
3010
3011
3013
3029
3032
3037
3043
3057
3066
3073
3078
3088
3092
3094
3096
3103
3115
3155
3157
3161
3164
3169
3181
3207
3250
3251
3287
3301
3321
3331
3335
3342
3343
3357
3359
3365
3378
3401
3413
3423
3434
3456
3474
3490
3526
3527
3532
3538
3548
3561
3569
3581
3585
3590
3598
3599
3601
3611
3614
3624
3652
3670
3677
3684
3691
3695
3704
3705
3708
3730
3756
3780
3785
3787
3794
3836
3852
3869
3871
3893
3954
3972
3973
3980
3989
3990
3996
4025
4057
4059
4063
4072
4105
4106
4159
4161
4165
4170
4178
4199
4201
4204
4205
4215
4218
4220
4222
4224
4234
4242
4249
4256
4258
4260
4265
4276
4297
4308
4313
4335
4340
4351
4368
4379
4380
4386
4398
4399
4401
4405
4407
4410
4424
4425
4432
4438
4439
4442
4446
4450
4451
4468
4479
4490
4495
4503
4511
4517
4521
4530
4533
4534
4539
4544
4561
4562
4576
4580
4596
4597
4598
4601
4603
4604
4629
4667
4679
4704
4711
4713
4716
4717
4722
4726
4728
4739
4745
4749
4750
4752
4753
4758
4767
4799
4806
4820
4834
4842
4845
4846
4847
4848
4860
4861
4865
4872
4877
4881
4882
4896
4900
4901
4906
4919
4922
4932
4939
4954
4956
4959
4965
4966
4968
4975
4977
4983
5017
5020
5023
5029
5034
5044
5049
5051
5055
5057
5060
5065
5077
5087
5099
5107
5109
5112
5122
5136
5139
5144
5146
5148
5151
5158
5160
5168
5170
5177
5182
5183
5187
5199
5200
5219
5230
5247
5273
5281
5285
5291
5292
5296
5300
5304
5309
5318
5353
5356
5358
5369
5396
5400
5416
5417
5419
5425
5435
5438
5439
5440
5443
5444
5446
5449
5452
5460
5470
5474
5475
5493
5494
5503
5513
5514
5540
5548
5558
5559
5571
5575
5583
5595
5640
5655
5658
5660
5668
5679
5680
5696
5699
5700
5701
5702
5706
5710
5725
5729
5732
5734
5745
5749
5772
5773
5778
5788
5791
5794
5798
5799
5802
5803
5808
5813
5819
5822
5832
5833
5840
5843
5844
5846
5867
5880
5882
5894
5903
5906
5910
5941
5960
5971
5972
5977
5983
5993
5995
6007
6026
6029
6032
6036
6042
6046
6071
6078
6079
6080
6084
6086
6100
6104
6117
6118
6119
6120
6124
6130
6143
6147
6157
6171
6179
6180
6214
6224
6235
6236
6245
6258
6267
6273
6283
6298
6312
6319
6324
6326
6327
6328
6340
6341
6343
6348
6354
6360
6371
6386
6413
6416
6426
6432
6433
6437
6439
6441
6445
6453
6454
6460
6478
6499
6508
6522
6532
6533
6534
6538
6540
6550
6552
6566
6573
6577
6588
6593
6597
6598
6604
6607
6615
6626
6647
6649
6663
6664
6665
6671
6679
6681
6685
6688
6692
6699
6700
6701
6747
6750
6753
6797
6805
6806
6813
6817
6818
6824
6826
6827
6850
6862
6863
6878
6886
6900
6913
6914
6920
6927
6930
6933
6939
6940
6951
6955
6960
6965
6971
6977
6982
6983
6998
7000
7001
7002
7043
7046
7047
7056
7059
7067
7069
7070
7076
7083
7099
7114
7126
7128
7140
7143
7168
7174
7186
7187
7188
7218
7222
7225
7233
7234
7236
7241
7252
7277
7280
7283
7292
7298
7313
7370
7394
7395
7400
7411
7413
7420
7426
7427
7429
7441
7446
7463
7468
7476
7478
7493
7504
7521
7530
7538
7548
7551
7552
7572
7573
7576
7578
7581
7595
7610
7619
7622
7632
7671
7711
7714
7715
7726
7753
7759
7761
7766
7767
7769
7790
7795
7801
7802
7817
7825
7828
7831
7839
7846
7853
7854
7857
7859
7861
7867
7871
7874
7878
7883
7916
7923
7924
7925
7932
7933
7941
7947
7948
7950
7954
7958
7971
7972
7974
7975
7979
7981
7985
7992
8013
8017
8045
8056
8059
8072
8082
8083
8096
8100
8102
8116
8119
8135
8144
8149
8159
8164
8182
8186
8187
8198
8216
8220
8228
8234
8238
8239
8241
8243
8247
8248
8249
8251
8272
8280
8285
8286
8287
8291
8299
8306
8315
8317
8320
8323
8325
8336
8338
8339
8341
8348
8364
8369
8370
8371
8377
8379
8383
8386
8388
8392
8394
8396
8398
8411
8413
8418
8420
8424
8425
8436
8443
8445
8452
8454
8456
8465
8479
8483
8485
8492
8494
8510
8521
8537
8542
8555
8560
8573
8574
8590
8594
8611
8612
8615
8620
8623
8627
8645
8659
8670
8675
8676
8685
8686
8689
8697
8698
8699
8708
8714
8719
8726
8735
8738
8739
8748
8752
8760
8762
8764
8768
8781
8782
8792
8803
8805
8811
8817
8818
8822
8823
8827
8830
8831
8833
8834
8844
8849
8855
8861
8862
8863
8870
8876
8880
8881
8883
8888
8892
8896
8903
8904
8908
8910
8913
8917
8927
8929
8933
8936
8939
8945
8949
8950
8957
8960
8970
8972
8991
9007
9018
9021
9027
9029
9035
9039
9054
9070
9078
9084
9101
9113
9119
9125
9134
9141
9149
9152
9153
9157
9164
9174
9175
9177
9181
9182
9186
9187
9197
9206
9221
9222
9224
9236
9237
9239
9244
9248
9250
9255
9267
9271
9273
9277
9278
9279
9285
9289
9293
9298
9301
9326
9327
9333
9334
9341
9342
9349
9350
9357
9361
9371
9383
9385
9390
9412
9418
9421
9425
9426
9427
9449
9460
9469
9473
9481
9484
9487
9498
9501
9522
9533
9539
9540
9552
9559
9567
9581
9586
9587
9588
9589
9590
9604
9619
9644
9647
9648
9650
9674
9676
9680
9686
9698
9700
9711
9712
9729
9755
9762
9771
9772
9774
9776
9791
9796
9815
9832
9833
9834
9843
9857
9864
9878
9886
9897
9899
9901
9902
9939
9942
9948
9951
9961
9965
9966
9974
9978
9987
9999
10000
10009
10016
10026
10030
10031
10052
10059
10061
10063
10088
10089
10097
10098
10115
10121
10128
10143
10144
10152
10157
10159
10161
10167
10170
10172
10177
10196
10208
10223
10234
10235
10245
10252
10271
10274
10280
10290
10296
10301
10313
10325
10337
10347
10349
10353
10355
10357
10362
10371
10374
10375
10383
10386
10409
10415
10417
10426
10427
10444
10448
10452
10456
10475
10489
10510
10559
10573
10589
10591
10593
10604
10608
10613
10614
10615
10616
10634
10639
10646
10649
10661
10671
10676
10681
10683
10745
10770
10775
10783
10810
10830
10844
10847
10884
10893
10902
10910
10916
10928
10936
10951
10957
10962
10968
10975
10996
11005
11009
11049
11052
11053
11066
11079
11080
11103
11106
11111
11112
11114
11125
11126
11128
11143
11152
11171
11176
11178
11217
11254
11255
11264
11268
11273
11286
11295
11311
11313
11327
11330
11334
11336
11345
11361
11363
11378
11392
11394
11397
11414
11418
11434
11443
11447
11449
11458
11459
11463
11475
11480
11482
11489
11502
11508
11511
11527
11529
11530
11536
11545
11550
11552
11562
11565
11579
11583
11588
11598
11627
11631
11643
11645
11649
11651
11653
11660
11662
11675
11690
11691
11692
11693
11712
11717
11719
11728
11731
11734
11762
11763
11767
11786
11791
11831
11871
11879
11889
11926
11934
11944
11950
11960
11964
11965
11967
11981
11993
12005
12015
12023
12041
12051
12053
12059
12075
12078
12093
12101
12109
12111
12120
12122
12125
12127
12130
12136
12171
12181
12201
12210
12220
12235
12242
12243
12279
12281
12287
12295
12299
12301
12312
12316
12335
12349
12365
12370
12374
12375
12377
12381
12386
12387
12388
12392
12395
12403
12410
12412
12421
12427
12434
12436
12443
12447
12456
12476
12477
12480
12485
12486
12501
12502
12508
12509
12516
12532
12535
12537
12541
12556
12566
12594
12620
12631
12633
12634
12640
12641
12644
12650
12679
12681
12694
12699
12706
12746
12760
12775
12791
12812
12838
12839
12846
12849
12851
12853
12865
12890
12908
12911
12936
12937
12938
12952
12957
12977
12988
12992
12993
13016
13020
13024
13031
13059
13076
13081
13089
13111
13117
13118
13135
13145
13148
13154
13170
13174
13179
13207
13227
13239
13246
13249
13251
13260
13268
13274
13295
13296
13305
13313
13329
13334
13337
13357
13381
13437
13447
13472
13498
13524
13536
13538
13543
13545
13549
13550
13560
13563
13566
13580
13581
13602
13615
13640
13645
13650
13654
13658
13667
13680
13693
13694
13703
13709
13718
13729
13730
13739
13742
13744
13751
13754
13764
13767
13769
13786
13788
13819
13825
13852
13853
13872
13875
13882
13893
13915
13926
13928
13934
13935
13937
13940
13951
13962
13971
14016
14018
14019
14031
14033
14040
14045
14047
14058
14062
14064
14068
14076
14084
14086
14087
14092
14106
14109
14111
14116
14123
14151
14174
14187
14193
14200
14214
14216
14223
14233
14247
14248
14259
14272
14273
14283
14316
14337
14338
14344
14351
14352
14359
14398
14399
14414
14416
14429
14432
14438
14446
14453
14455
14461
14462
14465
14466
14469
14475
14493
14510
14521
14536
14540
14585
14590
14595
14603
14610
14617
14642
14647
14649
14664
14674
14675
14679
14681
14687
14688
14710
14713
14714
14755
14779
14799
14811
14816
14845
14869
14882
14901
14904
14905
14913
14914
14916
14918
14923
14927
14928
14931
14933
14935
14936
14944
14954
14959
14978
14980
14981
14982
14985
14991
14993
14997
14999
15005
15008
15016
15020
15039
15041
15042
15072
15084
15101
15110
15118
15124
15126
15154
15160
15163
15182
15198
15204
15218
15228
15233
15239
15245
15259
15270
15280
15303
15327
15335
15356
15364
15395
15396
15404
15415
15420
15428
15437
15446
15456
15486
15488
15491
15508
15519
15520
15522
15531
15540
15543
15546
15548
15550
15566
15568
15580
15588
15591
15600
15601
15606
15617
15629
15646
15665
15666
15681
15682
15685
15692
15694
15719
15742
15752
15758
15760
15762
15767
15773
15778
15791
15793
15794
15810
15818
15841
15852
15863
15872
15875
15876
15878
15915
15918
15940
15945
15950
15964
15975
15980
16018
16027
16049
16055
16058
16072
16074
16076
16086
16122
16143
16150
16152
16154
16155
16165
16169
16176
16191
16199
16210
16220
16224
16237
16238
16240
16244
16256
16279
16284
16286
16292
16306
16312
16343
16344
16361
16363
16367
16394
16403
16413
16416
16427
16430
16431
16435
16449
16455
16460
16467
16500
16517
16530
16542
16543
16546
16555
16558
16559
16560
16566
16589
16595
16597
16599
16602
16606
16610
16620
16622
16657
16668
16669
16675
16678
16690
16692
16713
16724
16725
16727
16728
16749
16770
16772
16775
16790
16810
16819
16837
16849
16855
16871
16873
16878
16882
16890
16906
16910
16911
16912
16917
16918
16920
16927
16936
16942
16946
16957
16970
16980
16991
16992
17003
17004
17016
17024
17029
17054
17057
17064
17077
17111
17114
17117
17123
17135
17137
17171
17174
17180
17182
17186
17204
17211
17222
17241
17270
17273
17278
17279
17286
17296
17301
17323
17325
17326
17328
17360
17418
17437
17448
17456
17476
17488
17492
17502
17514
17529
17530
17554
17580
17601
17632
17656
17659
17660
17664
17667
17675
17676
17705
17719
17723
17727
17728
17729
17734
17748
17782
17792
17794
17807
17809
17818
17828
17833
17860
17863
17898
17900
17907
17910
17916
17939
17976
17992
17996
18004
18010
18024
18028
18032
18037
18052
18054
18064
18068
18073
18085
18088
18095
18097
18106
18113
18120
18123
18128
18146
18150
18154
18158
18161
18167
18169
18177
18183
18191
18197
18203
18211
18234
18248
18253
18263
18272
18275
18276
18280
18284
18303
18321
18340
18341
18350
18352
18353
18360
18362
18363
18369
18388
18392
18393
18418
18450
18482
18499
18500
18522
18523
18526
18529
18530
18534
18556
18559
18562
18567
18592
18593
18633
18645
18651
18678
18731
18734
18736
18746
18747
18753
18790
18806
18825
18920
18921
18935
18938
18946
18958
18960
18961
18966
18990
18996
19004
19048
19062
19064
19073
19080
19081
19086
19102
19107
19114
19136
19140
19160
19184
19194
19201
19228
19243
19245
19260
19263
19275
19288
19308
19338
19343
19345
19354
19364
19368
19374
19393
19396
19414
19415
19423
19430
19437
19454
19460
19464
19479
19491
19501
19509
19513
19516
19533
19541
19556
19561
19593
19594
19597
19599
19601
19613
19628
19632
19640
19656
19693
19700
19709
19717
19718
19733
19737
19749
19755
19757
19778
19780
19782
19794
19795
19825
19830
19845
19856
19908
19926
19968
19974
20024
20027
20029
20033
20044
20045
20057
20064
20081
20121
20126
20134
20143
20154
20181
20202
20226
20235
20252
20261
20267
20300
20325
20338
20341
20342
20350
20358
20364
20367
20381
20382
20386
20407
20414
20430
20432
20448
20449
20454
20476
20481
20483
20507
20529
20550
20556
20569
20574
20592
20612
20644
20693
20699
20708
20709
20715
20721
20742
20746
20748
20756
20758
20769
20784
20801
20807
20808
20823
20832
20836
20842
20846
20851
20855
20881
20888
20909
20920
20930
20934
20943
20971
20980
20982
20986
20989
21005
21006
21007
21008
21010
21037
21039
21064
21085
21139
21142
21147
21153
21158
21176
21179
21182
21184
21189
21201
21230
21232
21244
21254
21258
21263
21290
21292
21297
21306
21319
21335
21345
21355
21386
21413
21420
21422
21425
21429
21431
21432
21439
21440
21441
21442
21443
21450
21456
21476
21483
21502
21505
21513
21528
21530
21531
21535
21542
21545
21554
21555
21569
21579
21582
21585
21588
21603
21608
21612
21645
21651
21652
21655
21657
21663
21686
21694
21699
21702
21732
21733
21747
21755
21785
21802
21805
21813
21846
21851
21866
21902
21905
21909
21921
21929
21942
21964
21970
21971
21979
21996
22002
22005
22007
22009
22027
22031
22034
22046
22059
22072
22076
22085
22088
22089
22094
22105
22111
22112
22115
22125
22137
22153
22164
22172
22182
22186
22193
22198
22205
22215
22280
22283
22299
22317
22323
22341
22352
22354
22355
22359
22366
22368
22369
22374
22377
22392
22398
22412
22414
22441
22460
22465
22474
22479
22515
22518
22546
22582
22598
22617
22646
22651
22653
22655
22661
22676
22677
22679
22688
22716
22725
22729
22741
22745
22754
22760
22766
22773
22821
22853
22877
22895
22906
22914
22922
22929
22974
22983
23009
23049
23053
23054
23083
23085
23097
23156
23159
23160
23162
23179
23204
23211
23245
23264
23314
23328
23340
23346
23358
23364
23372
23386
23393
23397
23413
23424
23433
23435
23436
23438
23458
23464
23470
23483
23499
23502
23535
23548
23565
23604
23626
23633
23639
23675
23679
23681
23683
23684
23721
23722
23723
23741
23748
23777
23784
23793
23796
23798
23801
23810
23816
23830
23844
23849
23872
23878
23915
23917
23918
23922
23929
23966
23982
23994
24017
24026
24039
24052
24065
24075
24085
24103
24121
24123
24146
24163
24178
24189
24200
24201
24204
24214
24228
24229
24249
24250
24251
24259
24272
24296
24299
24306
24332
24345
24350
24356
24361
24362
24423
24426
24449
24452
24471
24472
24493
24509
24533
24534
24538
24540
24550
24574
24578
24580
24589
24590
24618
24619
24630
24634
24651
24657
24690
24694
24706
24710
24744
24752
24757
24770
24773
24784
24799
24801
24843
24844
24861
24865
24871
24876
24884
24885
24895
24901
24906
24913
24922
24923
24925
24932
24937
24944
24945
24950
24971
24979
