1
4
5
7
11
12
16
24
25
26
32
37
39
41
49
50
51
55
67
75
81
83
86
89
91
98
99
100
104
105
110
124
126
134
136
140
141
142
144
152
153
155
165
168
172
176
177
181
183
185
190
197
200
209
210
212
213
215
216
222
223
228
229
230
231
238
239
243
244
257
258
260
263
264
270
271
273
279
283
284
294
301
312
313
316
321
322
323
330
332
333
334
338
342
346
353
354
356
359
361
363
365
374
375
383
386
387
389
390
394
396
397
398
399
404
407
415
421
422
423
424
432
433
435
436
450
451
457
461
465
468
472
474
476
480
483
487
489
495
498
504
507
508
511
512
513
517
522
523
524
526
529
530
542
543
545
547
548
551
555
556
560
566
567
571
572
580
585
586
588
591
592
593
595
599
602
603
604
607
610
619
620
623
626
630
633
635
636
637
638
640
642
644
648
654
660
666
668
670
672
675
677
679
680
681
684
685
689
693
698
701
707
715
719
721
725
728
735
737
744
747
753
756
758
761
765
767
774
777
780
786
789
793
802
804
805
806
809
810
813
816
819
822
823
827
835
837
839
840
841
843
844
848
852
854
856
861
862
864
868
873
874
875
877
881
884
888
890
892
895
896
897
898
899
901
903
906
907
908
914
918
924
929
930
935
938
939
943
945
947
948
951
953
954
956
958
959
964
971
972
973
975
976
979
988
994
1003
1006
1010
1015
1016
1017
1019
1020
1025
1028
1029
1036
1040
1041
1043
1045
1046
1049
1055
1058
1059
1064
1067
1068
1071
1076
1079
1083
1084
1087
1094
1097
1105
1107
1117
1119
1120
1121
1125
1132
1133
1135
1141
1142
1145
1148
1152
1153
1156
1173
1180
1181
1183
1185
1189
1190
1193
1195
1197
1200
1201
1205
1215
1222
1224
1226
1231
1233
1234
1235
1238
1239
1245
1248
1250
1254
1255
1258
1262
1266
1267
1269
1270
1272
1274
1275
1277
1278
1280
1281
1282
1285
1294
1295
1297
1298
1299
1300
1310
1312
1313
1315
1318
1320
1321
1322
1323
1326
1330
1332
1345
1348
1359
1360
1362
1367
1369
1371
1372
1376
1378
1381
1382
1383
1390
1391
1392
1393
1394
1395
1397
1401
1402
1403
1405
1406
1407
1409
1415
1418
1421
1422
1427
1430
1431
1433
1435
1447
1449
1453
1455
1463
1466
1474
1476
1477
1480
1482
1485
1489
1490
1494
1497
1500
1501
1503
1504
1508
1511
1517
1518
1519
1520
1523
1524
1525
1528
1532
1533
1535
1536
1538
1540
1545
1550
1551
1553
1563
1569
1570
1571
1573
1575
1577
1579
1582
1583
1585
1589
1593
1595
1602
1609
1610
1613
1614
1615
1616
1621
1622
1627
1635
1641
1642
1648
1650
1655
1659
1662
1663
1664
1665
1666
1668
1683
1687
1688
1691
1693
1695
1700
1701
1702
1706
1710
1711
1713
1717
1718
1719
1722
1723
1725
1732
1736
1741
1747
1750
1752
1753
1754
1755
1759
1772
1774
1776
1777
1784
1785
1786
1788
1789
1790
1796
1797
1798
1813
1818
1819
1821
1822
1829
1833
1836
1838
1840
1841
1850
1852
1853
1855
1856
1858
1862
1866
1870
1874
1875
1876
1879
1888
1889
1891
1895
1896
1897
1900
1902
1903
1905
1907
1910
1911
1913
1917
1925
1928
1929
1931
1932
1933
1934
1945
1949
1954
1955
1959
1971
1973
1984
1991
1993
1996
2001
2002
2004
2010
2020
2024
2025
2026
2030
2032
2033
2034
2036
2038
2042
2043
2044
2051
2056
2057
2063
2065
2067
2070
2073
2074
2075
2079
2082
2083
2084
2086
2087
2088
2090
2095
2097
2098
2099
2101
2102
2104
2115
2116
2120
2126
2128
2135
2137
2140
2143
2145
2153
2155
2157
2162
2168
2169
2175
2179
2180
2181
2182
2187
2191
2193
2196
2197
2199
2200
2207
2209
2211
2215
2220
2221
2224
2233
2237
2238
2241
2242
2246
2253
2258
2269
2272
2273
2276
2285
2289
2290
2291
2292
2298
2307
2308
2309
2313
2319
2320
2324
2328
2330
2331
2332
2339
2340
2341
2344
2345
2346
2347
2350
2354
2358
2359
2360
2361
2364
2367
2368
2370
2372
2375
2376
2380
2384
2387
2389
2394
2397
2399
2401
2408
2410
2411
2412
2415
2421
2422
2424
2427
2428
2434
2437
2438
2440
2445
2446
2450
2451
2455
2461
2467
2471
2476
2477
2478
2480
2481
2483
2484
2489
2495
2501
2502
2506
2508
2512
2513
2514
2519
2523
2524
2537
2543
2546
2553
2558
2559
2560
2563
2568
2569
2574
2575
2577
2578
2579
2585
2586
2588
2593
2594
2595
2598
2619
2620
2622
2623
2624
2625
2627
2634
2635
2636
2646
2652
2658
2659
2663
2664
2666
2667
2671
2672
2673
2674
2675
2678
2682
2689
2690
2693
2694
2696
2699
2701
2704
2706
2709
2711
2712
2714
2715
2719
2724
2725
2732
2734
2737
2739
2741
2743
2747
2774
2777
2780
2781
2783
2785
2787
2791
2792
2793
2801
2802
2803
2805
2811
2813
2814
2822
2824
2827
2841
2853
2854
2857
2859
2860
2862
2869
2873
2879
2882
2884
2885
2888
2892
2898
2903
2907
2909
2911
2912
2916
2918
2922
2927
2928
2929
2930
2935
2936
2940
2941
2943
2944
2948
2950
2951
2952
2957
2965
2967
2970
2971
2972
2974
2976
2984
2987
2989
2994
2996
2997
2998
3001
3007
3018
3019
3020
3022
3023
3024
3029
3032
3034
3039
3042
3045
3050
3059
3061
3065
3070
3071
3072
3075
3077
3078
3081
3084
3085
3089
3093
3096
3097
3098
3100
3102
3103
3105
3108
3110
3118
3120
3121
3122
3125
3126
3127
3128
3136
3141
3142
3143
3147
3153
3157
3159
3161
3165
3168
3169
3170
3171
3175
3176
3177
3180
3184
3186
3188
3189
3193
3195
3199
3209
3210
3211
3212
3213
3216
3224
3225
3236
3244
3248
3254
3256
3257
3259
3265
3266
3267
3268
3269
3271
3272
3273
3284
3289
3291
3294
3301
3307
3308
3309
3313
3314
3320
3321
3322
3325
3331
3336
3337
3338
3339
3340
3342
3345
3349
3354
3358
3359
3362
3364
3367
3368
3371
3374
3376
3378
3380
3383
3384
3388
3389
3392
3394
3398
3399
3400
3402
3403
3404
3405
3406
3407
3410
3411
3412
3413
3414
3418
3420
3421
3422
3427
3428
3429
3430
3431
3432
3434
3435
3436
3437
3440
3442
3443
3445
3447
3450
3451
3455
3459
3463
3465
3466
3467
3472
3474
3476
3477
3485
3491
3492
3500
3501
3502
3503
3508
3514
3520
3523
3524
3529
3530
3533
3534
3537
3540
3543
3545
3549
3550
3551
3552
3553
3554
3558
3566
3568
3569
3573
3574
3576
3579
3582
3583
3584
3591
3599
3600
3601
3602
3604
3606
3614
3615
3618
3620
3621
3622
3624
3629
3631
3636
3639
3641
3643
3647
3649
3650
3653
3659
3660
3661
3663
3670
3672
3673
3676
3680
3682
3683
3686
3688
3689
3693
3697
3700
3706
3710
3712
3713
3721
3723
3729
3747
3750
3752
3753
3758
3761
3766
3769
3770
3774
3778
3783
3784
3785
3787
3788
3791
3794
3798
3799
3801
3803
3804
3805
3809
3814
3819
3822
3823
3824
3825
3832
3833
3835
3838
3843
3844
3846
3848
3849
3856
3858
3862
3868
3873
3878
3879
3880
3891
3894
3909
3911
3913
3916
3919
3923
3924
3926
3931
3932
3933
3935
3937
3938
3946
3952
3965
3966
3967
3968
3969
3970
3973
3978
3979
3980
3988
3992
3993
3995
3996
4000
4002
4003
4007
4013
4015
4017
4018
4020
4024
4028
4029
4030
4035
4038
4041
4044
4048
4052
4053
4057
4060
4063
4065
4066
4069
4076
4077
4080
4085
4090
4092
4093
4094
4096
4102
4104
4106
4108
4111
4114
4116
4122
4124
4125
4126
4127
4130
4134
4136
4141
4142
4143
4145
4150
4153
4163
4164
4168
4170
4174
4176
4177
4178
4184
4192
4195
4196
4198
4201
4202
4204
4207
4213
4214
4215
4219
4221
4223
4224
4226
4227
4228
4236
4240
4243
4244
4245
4248
4252
4254
4256
4262
4264
4265
4266
4267
4268
4270
4271
4276
4279
4282
4289
4290
4292
4294
4297
4300
4309
4311
4315
4317
4319
4322
4323
4327
4338
4339
4341
4342
4343
4346
4348
4351
4352
4354
4355
4362
4364
4367
4373
4377
4378
4379
4386
4387
4391
4393
4397
4398
4402
4405
4407
4408
4409
4411
4414
4415
4416
4417
4418
4419
4420
4424
4425
4429
4431
4432
4435
4437
4438
4439
4440
4444
4446
4448
4449
4450
4454
4455
4457
4458
4459
4465
4467
4470
4472
4473
4474
4475
4476
4478
4479
4484
4486
4487
4488
4493
4495
4500
4503
4506
4508
4509
4510
4515
4518
4520
4521
4522
4525
4526
4529
4531
4533
4535
4536
4539
4546
4550
4562
4563
4568
4575
4578
4581
4583
4584
4593
4598
4601
4604
4608
4611
4613
4614
4621
4625
4629
4634
4635
4636
4644
4646
4647
4651
4652
4656
4657
4659
4661
4666
4670
4671
4675
4676
4678
4681
4683
4686
4691
4695
4702
4703
4710
4712
4713
4723
4724
4725
4739
4744
4745
4752
4755
4757
4764
4765
4767
4768
4774
4775
4779
4782
4789
4792
4795
4796
4798
4802
4804
4805
4806
4812
4820
4821
4824
4827
4831
4834
4836
4851
4855
4857
4859
4860
4861
4862
4866
4867
4871
4872
4876
4877
4887
4888
4893
4895
4896
4897
4900
4902
4909
4910
4911
4913
4916
4918
4924
4926
4928
4929
4932
4935
4936
4944
4946
4947
4950
4951
4954
4956
4959
4961
4962
4965
4966
4972
4973
4980
4983
4986
4988
4989
4991
4992
4996
4998
5000
5011
5017
5020
5022
5023
5024
5027
5033
5042
5046
5049
5051
5058
5060
5062
5066
5073
5077
5084
5085
5088
5090
5092
5096
5098
5102
5103
5106
5108
5109
5118
5122
5125
5126
5128
5136
5137
5138
5142
5143
5146
5148
5150
5166
5172
5174
5179
5180
5183
5184
5187
5189
5191
5192
5195
5202
5206
5207
5209
5226
5230
5231
5233
5235
5236
5238
5240
5246
5247
5250
5251
5255
5256
5257
5263
5266
5269
5274
5279
5282
5285
5287
5290
5293
5294
5297
5301
5305
5307
5309
5317
5318
5319
5329
5332
5336
5337
5339
5340
5346
5349
5351
5355
5356
5358
5360
5361
5366
5368
5370
5371
5373
5377
5379
5380
5387
5389
5390
5391
5396
5397
5398
5410
5412
5413
5414
5415
5417
5419
5421
5423
5432
5436
5438
5439
5441
5442
5443
5445
5446
5449
5455
5458
5461
5462
5467
5482
5484
5486
5493
5494
5501
5503
5504
5506
5509
5511
5514
5516
5517
5523
5525
5527
5530
5540
5543
5544
5545
5548
5549
5551
5553
5559
5560
5564
5565
5566
5569
5571
5577
5578
5579
5581
5586
5588
5592
5599
5600
5601
5603
5604
5606
5608
5612
5613
5614
5620
5626
5628
5634
5638
5640
5641
5642
5643
5645
5647
5651
5654
5655
5661
5665
5666
5667
5683
5686
5688
5691
5692
5693
5694
5701
5706
5710
5711
5715
5719
5721
5725
5729
5739
5741
5743
5744
5745
5750
5751
5759
5765
5767
5773
5777
5781
5785
5789
5803
5805
5809
5814
5817
5818
5819
5822
5823
5824
5825
5826
5827
5831
5832
5837
5845
5846
5847
5849
5853
5856
5860
5864
5865
5870
5872
5873
5876
5877
5878
5879
5884
5885
5890
5891
5894
5896
5901
5905
5913
5919
5928
5932
5938
5947
5950
5959
5960
5966
5968
5969
5970
5971
5974
5984
5985
5991
5993
5998
6007
6009
6011
6014
6015
6016
6024
6025
6028
6029
6030
6035
6042
6043
6044
6054
6062
6063
6071
6072
6077
6078
6081
6084
6096
6098
6100
6102
6104
6106
6107
6110
6111
6113
6119
6121
6125
6128
6139
6140
6142
6150
6153
6154
6156
6158
6163
6171
6178
6179
6180
6181
6183
6189
6191
6192
6194
6195
6199
6200
6208
6214
6220
6221
6223
6224
6226
6228
6229
6231
6236
6244
6248
6249
6255
6261
6262
6263
6265
6269
6274
6275
6278
6283
6291
6292
6293
6294
6295
6298
6304
6310
6311
6312
6315
6318
6327
6330
6332
6337
6339
6340
6342
6343
6345
6348
6349
6350
6353
6354
6355
6360
6362
6363
6367
6371
6374
6375
6376
6382
6384
6391
6392
6400
6402
6404
6407
6416
6417
6420
6421
6427
6428
6431
6432
6439
6441
6443
6449
6451
6452
6456
6457
6470
6471
6479
6481
6482
6485
6491
6494
6495
6498
6499
6500
6502
6506
6508
6511
6513
6514
6515
6519
6521
6524
6527
6528
6540
6541
6543
6548
6549
6555
6560
6564
6566
6568
6569
6573
6574
6578
6580
6581
6582
6584
6592
6593
6594
6595
6597
6606
6610
6614
6625
6626
6627
6633
6641
6642
6649
6650
6655
6664
6666
6673
6677
6681
6686
6700
6710
6713
6717
6720
6722
6724
6729
6731
6734
6737
6739
6740
6744
6746
6747
6750
6751
6755
6758
6761
6772
6778
6782
6791
6797
6800
6801
6802
6803
6805
6806
6809
6813
6821
6825
6834
6835
6838
6840
6841
6844
6846
6847
6849
6850
6851
6854
6855
6861
6864
6865
6867
6869
6870
6872
6876
6877
6878
6885
6886
6891
6897
6901
6902
6907
6919
6923
6924
6925
6927
6932
6933
6934
6935
6936
6937
6940
6942
6943
6945
6947
6948
6953
6958
6962
6964
6966
6967
6970
6975
6978
6981
6995
6997
7002
7005
7012
7015
7020
7021
7022
7029
7034
7035
7040
7041
7048
7049
7050
7054
7065
7067
7077
7080
7081
7082
7084
7085
7086
7089
7091
7097
7103
7104
7105
7110
7111
7112
7120
7122
7123
7133
7134
7141
7143
7150
7153
7154
7163
7166
7177
7180
7185
7187
7189
7190
7192
7194
7197
7202
7203
7207
7208
7216
7217
7229
7231
7233
7234
7235
7237
7241
7242
7245
7246
7250
7253
7254
7255
7256
7257
7266
7268
7270
7272
7277
7280
7282
7288
7289
7295
7298
7307
7308
7309
7314
7315
7316
7329
7332
7334
7335
7336
7338
7339
7341
7342
7353
7355
7357
7358
7363
7365
7366
7368
7370
7371
7375
7377
7378
7382
7383
7384
7385
7388
7389
7392
7393
7394
7395
7402
7403
7419
7420
7421
7424
7426
7427
7433
7437
7439
7444
7446
7447
7450
7454
7462
7463
7464
7471
7476
7479
7480
7486
7487
7490
7498
7500
7504
7506
7509
7511
7513
7516
7517
7518
7519
7524
7525
7527
7533
7535
7537
7549
7551
7554
7557
7575
7580
7583
7584
7587
7589
7591
7592
7600
7602
7607
7609
7612
7617
7618
7620
7625
7627
7628
7630
7634
7635
7642
7644
7647
7648
7650
7651
7652
7655
7656
7657
7664
7667
7668
7669
7677
7679
7681
7683
7684
7688
7692
7693
7696
7699
7710
7711
7712
7714
7716
7720
7721
7723
7728
7730
7731
7733
7736
7742
7748
7749
7751
7756
7757
7758
7760
7762
7764
7770
7772
7774
7776
7783
7785
7790
7791
7793
7801
7803
7815
7817
7823
7824
7826
7830
7834
7844
7845
7846
7848
7851
7852
7853
7856
7857
7861
7862
7870
7871
7875
7878
7882
7891
7900
7912
7913
7914
7917
7919
7922
7925
7928
7931
7932
7934
7937
7941
7944
7948
7949
7952
7959
7963
7969
7971
7972
7973
7974
7977
7978
7979
7990
7991
7995
8000
8001
8003
8006
8011
8013
8015
8018
8019
8035
8062
8066
8072
8074
8087
8089
8090
8092
8097
8099
8101
8104
8106
8121
8122
8128
8132
8133
8137
8143
8144
8145
8148
8154
8156
8157
8158
8160
8162
8163
8164
8165
8169
8174
8175
8177
8178
8180
8186
8188
8189
8191
8196
8197
8198
8199
8201
8202
8203
8204
8206
8208
8209
8214
8216
8217
8221
8223
8224
8225
8226
8227
8230
8238
8240
8245
8249
8253
8255
8256
8257
8259
8263
8273
8274
8276
8279
8281
8283
8290
8291
8296
8297
8300
8301
8302
8305
8307
8312
8314
8316
8324
8327
8337
8339
8340
8342
8345
8351
8357
8366
8373
8374
8384
8387
8391
8396
8397
8400
8402
8408
8414
8431
8432
8442
8443
8444
8452
8453
8462
8470
8478
8479
8487
8493
8497
8498
8507
8508
8511
8517
8522
8527
8528
8531
8539
8548
8549
8550
8553
8558
8562
8565
8579
8586
8587
8592
8593
8595
8596
8598
8604
8607
8608
8610
8613
8617
8618
8624
8627
8629
8633
8635
8636
8639
8647
8650
8652
8654
8657
8658
8663
8666
8670
8671
8677
8685
8690
8698
8708
8710
8712
8713
8717
8720
8725
8726
8729
8731
8734
8737
8742
8745
8749
8754
8767
8768
8776
8777
8779
8784
8786
8787
8788
8789
8791
8793
8797
8802
8805
8807
8812
8813
8815
8819
8820
8821
8823
8824
8827
8832
8837
8842
8851
8857
8858
8859
8865
8868
8872
8874
8875
8876
8888
8896
8897
8898
8899
8900
8905
8907
8914
8915
8922
8925
8926
8928
8930
8934
8936
8937
8938
8943
8944
8951
8954
8955
8956
8963
8966
8967
8969
8971
8974
8978
8986
8988
8992
8993
8995
8996
9000
9007
9008
9009
9010
9012
9013
9014
9016
9018
9019
9022
9031
9036
9042
9044
9046
9049
9058
9064
9069
9070
9073
9077
9089
9090
9091
9095
9103
9110
9117
9125
9132
9133
9134
9137
9143
9148
9150
9155
9156
9158
9160
9168
9169
9171
9174
9175
9178
9183
9187
9192
9198
9199
9200
9204
9208
9210
9212
9216
9218
9220
9225
9226
9234
9236
9237
9239
9240
9241
9242
9244
9249
9250
9251
9255
9256
9259
9261
9264
9265
9272
9280
9281
9282
9283
9285
9286
9288
9289
9291
9292
9296
9300
9304
9311
9316
9320
9326
9328
9330
9335
9338
9350
9352
9357
9358
9363
9368
9369
9370
9371
9377
9379
9382
9383
9384
9391
9394
9400
9401
9406
9412
9414
9420
9426
9427
9429
9432
9433
9434
9437
9439
9440
9441
9442
9443
9447
9449
9451
9452
9453
9458
9460
9463
9464
9468
9470
9471
9475
9484
9488
9492
9494
9499
9501
9506
9508
9509
9512
9513
9515
9516
9519
9522
9523
9526
9527
9530
9534
9535
9536
9540
9543
9544
9547
9550
9552
9559
9561
9564
9565
9566
9570
9573
9579
9582
9583
9584
9585
9589
9595
9598
9601
9606
9611
9612
9614
9618
9621
9623
9624
9626
9628
9629
9643
9649
9652
9653
9654
9656
9658
9660
9662
9663
9664
9667
9675
9676
9681
9684
9687
9688
9689
9690
9697
9704
9705
9710
9713
9714
9715
9717
9718
9719
9723
9724
9726
9729
9730
9731
9733
9734
9735
9736
9737
9741
9742
9747
9749
9752
9753
9759
9760
9764
9765
9766
9770
9775
9777
9780
9781
9791
9792
9794
9797
9800
9804
9807
9809
9814
9815
9816
9825
9826
9830
9832
9833
9835
9836
9837
9839
9840
9844
9847
9854
9857
9858
9859
9868
9873
9879
9881
9884
9885
9886
9887
9892
9893
9897
9900
9903
9909
9911
9915
9918
9925
9927
9930
9931
9935
9936
9938
9942
9944
9946
9948
9952
9954
9960
9963
9965
9966
9969
9981
9983
9986
9989
9994
9995
9996
9998
10002
10004
10006
10008
10009
10012
10014
10016
10017
10019
10020
10022
10026
10027
10029
10034
10038
10042
10046
10048
10050
10055
10056
10061
10063
10064
10066
10069
10070
10071
10072
10085
10091
10092
10093
10100
10106
10107
10108
10109
10111
10116
10125
10127
10131
10132
10134
10135
10136
10137
10144
10146
10148
10149
10153
10155
10157
10158
10161
10162
10164
10167
10173
10178
10184
10188
10190
10194
10195
10201
10206
10207
10211
10213
10215
10217
10218
10219
10220
10221
10223
10225
10227
10232
10233
10234
10238
10239
10244
10246
10247
10255
10258
10259
10260
10267
10273
10279
10280
10281
10284
10285
10288
10289
10290
10300
10301
10304
10320
10325
10330
10342
10343
10345
10346
10347
10348
10354
10356
10357
10359
10360
10361
10363
10367
10371
10373
10375
10377
10387
10392
10395
10396
10397
10398
10402
10403
10406
10409
10410
10413
10414
10415
10416
10419
10421
10424
10431
10432
10434
10435
10436
10438
10439
10442
10443
10451
10452
10453
10455
10463
10466
10471
10472
10473
10475
10476
10481
10482
10486
10489
10494
10498
10500
10503
10504
10505
10510
10514
10517
10519
10522
10525
10530
10533
10534
10536
10540
10541
10545
10546
10548
10550
10564
10565
10568
10576
10578
10580
10582
10584
10585
10586
10587
10588
10595
10598
10605
10606
10607
10608
10612
10613
10614
10615
10618
10621
10625
10629
10631
10632
10634
10638
10643
10650
10657
10658
10660
10661
10662
10663
10667
10669
10671
10676
10685
10689
10690
10692
10712
10713
10714
10717
10718
10724
10727
10730
10735
10737
10741
10743
10746
10747
10749
10750
10752
10756
10758
10763
10768
10776
10779
10781
10782
10785
10787
10791
10792
10795
10796
10798
10799
10800
10802
10803
10804
10806
10807
10813
10814
10818
10822
10825
10831
10834
10835
10847
10849
10865
10868
10871
10873
10875
10879
10881
10882
10883
10884
10886
10893
10894
10896
10897
10901
10909
10911
10914
10922
10929
10931
10932
10936
10937
10938
10940
10944
10948
10951
10957
10961
10965
10977
10978
10979
10984
10985
10989
10992
10995
11002
11008
11009
11010
11014
11018
11020
11023
11024
11026
11027
11028
11034
11037
11039
11040
11043
11046
11047
11048
11055
11056
11059
11068
11070
11072
11078
11081
11082
11083
11084
11085
11086
11094
11096
11099
11101
11102
11103
11105
11109
11114
11123
11127
11128
11131
11132
11138
11140
11141
11142
11143
11144
11145
11150
11154
11157
11162
11163
11165
11173
11174
11176
11178
11180
11182
11184
11192
11193
11198
11200
11201
11202
11204
11206
11215
11218
11221
11224
11226
11227
11229
11231
11240
11241
11242
11248
11249
11250
11254
11255
11256
11264
11265
11267
11268
11269
11271
11273
11276
11279
11282
11284
11286
11290
11291
11293
11294
11296
11297
11299
11301
11303
11312
11315
11316
11317
11324
11335
11336
11338
11340
11341
11347
11349
11352
11353
11355
11362
11364
11369
11375
11376
11383
11385
11387
11388
11397
11401
11403
11405
11406
11408
11409
11414
11417
11418
11422
11424
11427
11429
11432
11437
11440
11446
11450
11455
11458
11460
11467
11469
11472
11480
11481
11482
11483
11485
11488
11491
11497
11499
11501
11509
11511
11521
11527
11533
11534
11536
11538
11539
11542
11545
11547
11555
11563
11565
11572
11574
11580
11581
11583
11584
11587
11588
11590
11596
11602
11605
11613
11619
11620
11623
11628
11629
11631
11633
11634
11638
11639
11642
11645
11648
11652
11653
11662
11666
11667
11672
11681
11684
11689
11691
11694
11700
11703
11712
11713
11721
11722
11723
11729
11733
11736
11737
11739
11746
11754
11768
11771
11772
11773
11774
11775
11777
11785
11790
11793
11794
11804
11807
11810
11811
11812
11814
11823
11828
11830
11831
11833
11836
11845
11852
11862
11871
11880
11881
11882
11888
11891
11892
11897
11898
11901
11902
11904
11905
11906
11908
11915
11925
11926
11928
11932
11939
11940
11942
11943
11946
11947
11950
11951
11952
11954
11958
11959
11963
11970
11979
11981
11982
11986
11987
11989
11992
11994
11998
12000
12017
12024
12030
12031
12037
12040
12043
12045
12050
12058
12061
12065
12066
12068
12071
12073
12078
12083
12087
12097
12098
12102
12104
12105
12107
12109
12110
12115
12124
12126
12127
12130
12133
12134
12138
12140
12141
12144
12145
12151
12152
12154
12155
12159
12170
12171
12175
12176
12178
12181
12182
12183
12188
12191
12195
12202
12209
12210
12211
12213
12216
12218
12222
12223
12226
12229
12232
12234
12238
12248
12260
12263
12268
12270
12271
12288
12292
12293
12295
12296
12300
12303
12309
12311
12314
12319
12324
12325
12326
12327
12328
12332
12333
12338
12344
12345
12346
12347
12348
12352
12358
12359
12360
12367
12370
12371
12374
12375
12376
12377
12379
12382
12384
12388
12393
12397
12400
12401
12407
12408
12412
12415
12417
12419
12420
12423
12425
12427
12430
12432
12433
12436
12439
12445
12449
12451
12453
12461
12473
12474
12476
12477
12478
12480
12487
12489
12491
12494
12497
12500
12501
12503
12508
12509
12512
12517
12520
12521
12522
12531
12535
12536
12539
12540
12543
12544
12546
12548
12550
12551
12555
12558
12564
12565
12567
12569
12572
12576
12579
12589
12592
12595
12598
12607
12608
12609
12613
12616
12617
12618
12621
12625
12630
12631
12634
12638
12640
12641
12642
12645
12655
12656
12657
12659
12662
12666
12670
12671
12672
12676
12678
12680
12681
12686
12692
12693
12695
12696
12699
12701
12702
12707
12714
12717
12720
12723
12725
12727
12728
12730
12732
12736
12739
12740
12742
12743
12745
12750
12757
12758
12762
12764
12774
12775
12777
12782
12795
12796
12798
12799
12805
12812
12816
12829
12832
12834
12840
12851
12861
12864
12867
12870
12874
12878
12881
12886
12887
12899
12900
12903
12904
12910
12914
12922
12924
12926
12928
12930
12933
12934
12935
12936
12939
12941
12946
12949
12952
12953
12956
12959
12960
12962
12964
12973
12976
12979
12982
12983
12989
12992
12994
12998
13002
13004
13008
13013
13014
13017
13021
13023
13037
13038
13040
13043
13045
13047
13056
13063
13068
13069
13072
13074
13076
13079
13082
13083
13084
13086
13091
13094
13098
13099
13103
13106
13107
13113
13114
13116
13118
13125
13126
13129
13131
13133
13142
13145
13154
13161
13166
13167
13168
13170
13184
13185
13192
13195
13196
13197
13200
13201
13203
13207
13210
13212
13214
13215
13216
13217
13222
13224
13229
13230
13232
13234
13237
13238
13240
13243
13244
13245
13248
13249
13257
13259
13260
13263
13264
13267
13268
13269
13271
13272
13275
13277
13281
13284
13285
13286
13288
13290
13291
13302
13303
13304
13305
13308
13309
13312
13315
13317
13318
13324
13327
13330
13334
13346
13347
13350
13352
13357
13360
13366
13374
13375
13377
13379
13382
13386
13388
13389
13396
13398
13406
13407
13410
13411
13413
13415
13425
13431
13434
13435
13440
13441
13442
13444
13448
13449
13450
13454
13458
13461
13465
13467
13468
13471
13472
13475
13481
13493
13498
13502
13506
13510
13512
13513
13514
13516
13519
13520
13524
13525
13529
13530
13534
13535
13537
13539
13542
13543
13547
13557
13558
13559
13560
13561
13566
13569
13572
13576
13583
13604
13605
13613
13616
13624
13627
13633
13636
13638
13644
13649
13650
13653
13655
13663
13664
13667
13674
13677
13678
13680
13684
13686
13687
13688
13691
13694
13696
13698
13701
13705
13707
13712
13716
13719
13724
13725
13728
13732
13733
13734
13738
13745
13748
13752
13753
13759
13760
13763
13767
13768
13770
13771
13777
13778
13783
13784
13785
13787
13788
13792
13795
13796
13800
13810
13811
13813
13815
13822
13824
13827
13832
13837
13838
13842
13847
13850
13851
13852
13853
13858
13862
13865
13866
13867
13875
13876
13879
13884
13886
13888
13890
13892
13893
13896
13899
13902
13905
13911
13913
13917
13920
13923
13926
13929
13931
13932
13933
13938
13949
13950
13951
13952
13955
13956
13963
13964
13966
13970
13971
13974
13975
13977
13979
13980
13981
13984
13985
13986
13987
13990
13991
13997
14000
14001
14007
14013
14014
14023
14024
14027
14029
14030
14033
14035
14039
14040
14042
14045
14052
14057
14065
14068
14073
14086
14089
14091
14094
14095
14096
14106
14112
14115
14116
14121
14126
14128
14129
14130
14132
14135
14137
14139
14141
14146
14155
14157
14160
14162
14168
14173
14175
14176
14180
14181
14183
14184
14185
14186
14189
14192
14194
14196
14198
14200
14204
14205
14206
14210
14218
14225
14229
14233
14234
14239
14243
14245
14249
14253
14255
14256
14262
14264
14265
14268
14269
14276
14278
14282
14283
14287
14292
14294
14295
14301
14302
14304
14307
14308
14309
14311
14316
14317
14325
14326
14327
14333
14334
14340
14341
14343
14346
14347
14352
14353
14356
14359
14360
14362
14363
14365
14366
14369
14370
14375
14377
14379
14386
14394
14395
14399
14400
14404
14412
14414
14416
14417
14421
14422
14424
14426
14428
14433
14434
14436
14438
14439
14443
14446
14452
14458
14459
14463
14468
14470
14472
14473
14474
14475
14476
14477
14478
14479
14482
14487
14493
14495
14497
14502
14505
14511
14520
14521
14524
14525
14527
14530
14533
14534
14535
14536
14539
14543
14546
14548
14551
14554
14558
14559
14560
14561
14562
14565
14566
14571
14573
14575
14582
14584
14585
14587
14588
14590
14591
14597
14602
14603
14605
14608
14615
14617
14618
14620
14622
14625
14626
14632
14639
14640
14644
14645
14646
14654
14661
14671
14675
14677
14679
14687
14691
14693
14701
14702
14705
14706
14708
14710
14711
14712
14718
14721
14722
14723
14726
14727
14729
14732
14736
14739
14742
14744
14757
14758
14759
14761
14767
14770
14772
14777
14781
14782
14785
14796
14801
14807
14811
14815
14824
14828
14830
14831
14832
14842
14843
14849
14853
14857
14860
14863
14868
14881
14882
14883
14885
14888
14892
14900
14908
14911
14912
14914
14915
14918
14921
14926
14927
14929
14932
14933
14939
14945
14946
14952
14953
14956
14958
14962
14963
14964
14965
14966
14969
14970
14973
14977
14985
14987
14989
14992
14993
14994
14997
14998
15002
15004
15023
15025
15027
15030
15033
15037
15039
15040
15041
15045
15060
15062
15072
15077
15081
15082
15083
15084
15089
15093
15094
15099
15101
15102
15110
15111
15113
15115
15117
15119
15122
15125
15132
15143
15146
15151
15152
15156
15157
15159
15162
15169
15172
15177
15178
15179
15180
15181
15183
15187
15190
15191
15197
15201
15204
15207
15212
15213
15215
15217
15218
15222
15223
15225
15226
15228
15229
15230
15232
15234
15238
15243
15245
15249
15250
15257
15266
15270
15271
15277
15282
15285
15297
15299
15303
15306
15308
15309
15310
15312
15314
15317
15322
15324
15329
15331
15333
15339
15340
15343
15344
15348
15349
15351
15359
15364
15365
15371
15373
15378
15384
15387
15391
15394
15397
15404
15408
15411
15415
15416
15417
15422
15423
15424
15426
15431
15432
15433
15435
15436
15437
15440
15442
15444
15449
15455
15456
15458
15460
15461
15464
15465
15467
15468
15475
15478
15482
15485
15488
15493
15500
15502
15507
15513
15517
15519
15525
15526
15527
15531
15533
15536
15541
15542
15543
15545
15552
15553
15554
15559
15560
15563
15564
15573
15574
15578
15583
15589
15591
15592
15605
15607
15608
15612
15614
15615
15616
15617
15618
15619
15627
15629
15630
15633
15634
15637
15642
15643
15648
15649
15652
15657
15664
15665
15668
15673
15674
15677
15682
15689
15690
15695
15696
15697
15699
15702
15708
15711
15712
15716
15717
15719
15720
15721
15722
15726
15730
15731
15732
15734
15736
15739
15745
15746
15754
15756
15757
15758
15769
15774
15777
15784
15785
15787
15788
15789
15804
15808
15810
15811
15813
15816
15819
15820
15823
15824
15828
15829
15833
15837
15838
15840
15843
15847
15852
15856
15857
15858
15860
15866
15876
15879
15881
15882
15888
15892
15893
15894
15897
15903
15906
15913
15920
15924
15930
15931
15934
15939
15942
15943
15946
15947
15953
15957
15962
15963
15968
15969
15973
15979
15980
15987
15988
15991
15992
15993
16000
16002
16003
16005
16006
16008
16010
16012
16019
16021
16030
16033
16036
16040
16047
16049
16053
16054
16058
16059
16061
16066
16067
16072
16076
16077
16086
16090
16091
16092
16096
16101
16103
16104
16105
16108
16113
16115
16119
16122
16125
16143
16145
16148
16149
16150
16154
16157
16161
16168
16169
16170
16173
16174
16182
16183
16184
16190
16193
16199
16207
16208
16210
16216
16217
16218
16220
16221
16224
16226
16227
16228
16234
16236
16237
16238
16241
16242
16244
16251
16257
16262
16263
16264
16270
16271
16277
16281
16283
16284
16285
16295
16298
16299
16301
16302
16303
16306
16307
16310
16311
16321
16323
16327
16328
16330
16334
16338
16340
16355
16359
16363
16365
16369
16370
16374
16385
16386
16387
16390
16391
16392
16394
16395
16397
16406
16410
16411
16413
16419
16421
16423
16427
16429
16431
16433
16434
16435
16436
16438
16439
16442
16444
16446
16449
16453
16457
16464
16469
16472
16480
16481
16482
16488
16491
16495
16496
16497
16498
16500
16502
16504
16508
16514
16517
16521
16525
16532
16533
16539
16541
16545
16546
16548
16552
16553
16556
16560
16564
16565
16566
16567
16569
16570
16576
16581
16586
16589
16590
16592
16599
16602
16604
16614
16615
16618
16619
16620
16623
16625
16629
16643
16647
16648
16653
16654
16655
16657
16661
16664
16665
16667
16674
16675
16677
16682
16686
16690
16695
16697
16701
16705
16707
16708
16713
16714
16718
16719
16721
16722
16726
16729
16730
16736
16738
16740
16743
16747
16748
16750
16751
16752
16754
16756
16760
16768
16769
16774
16779
16785
16787
16789
16793
16797
16798
16799
16800
16803
16804
16807
16808
16810
16814
16815
16818
16820
16821
16829
16833
16834
16838
16839
16848
16856
16857
16859
16863
16868
16870
16873
16879
16885
16896
16897
16899
16903
16905
16906
16909
16910
16912
16920
16921
16923
16924
16925
16930
16936
16938
16940
16944
16945
16948
16950
16951
16953
16956
16959
16964
16970
16971
16973
16974
16979
16982
16983
16986
16988
16989
16990
16992
16993
16995
16997
16999
17001
17005
17007
17028
17029
17034
17037
17045
17047
17049
17050
17052
17053
17055
17056
17057
17064
17065
17069
17073
17075
17078
17080
17081
17082
17083
17088
17093
17095
17099
17100
17103
17104
17106
17107
17108
17110
17118
17121
17122
17124
17125
17126
17127
17128
17130
17133
17136
17137
17144
17148
17149
17152
17154
17156
17163
17164
17167
17169
17170
17171
17176
17178
17180
17181
17182
17185
17186
17193
17194
17204
17205
17212
17217
17226
17228
17232
17238
17239
17241
17245
17249
17251
17262
17265
17266
17268
17270
17271
17272
17275
17278
17280
17283
17285
17286
17289
17290
17293
17295
17296
17297
17306
17308
17309
17312
17316
17319
17323
17325
17326
17328
17329
17331
17334
17341
17343
17346
17347
17350
17352
17358
17361
17363
17365
17366
17367
17369
17373
17376
17377
17379
17384
17385
17386
17388
17392
17393
17394
17395
17397
17399
17403
17406
17409
17410
17411
17412
17420
17421
17422
17424
17425
17429
17430
17432
17437
17438
17442
17443
17444
17452
17457
17458
17460
17461
17463
17465
17467
17469
17470
17471
17476
17477
17479
17480
17481
17482
17484
17488
17489
17493
17495
17503
17506
17508
17511
17519
17520
17523
17527
17529
17535
17537
17545
17546
17549
17556
17563
17564
17565
17568
17569
17571
17573
17574
17575
17580
17585
17586
17587
17602
17603
17606
17607
17610
17615
17619
17620
17621
17629
17634
17638
17639
17642
17644
17647
17648
17652
17656
17657
17658
17659
17661
17662
17666
17667
17668
17669
17673
17684
17688
17691
17695
17702
17703
17705
17706
17708
17717
17719
17725
17727
17728
17730
17731
17733
17734
17736
17738
17740
17741
17742
17743
17745
17749
17751
17754
17755
17756
17765
17767
17768
17771
17772
17773
17775
17778
17779
17780
17786
17796
17803
17805
17807
17808
17813
17816
17818
17822
17824
17826
17828
17829
17832
17833
17834
17840
17841
17842
17844
17850
17851
17853
17854
17859
17862
17864
17866
17872
17873
17874
17875
17876
17881
17883
17887
17891
17894
17899
17900
17902
17906
17908
17909
17910
17911
17915
17916
17918
17921
17925
17929
17933
17935
17938
17940
17945
17948
17949
17956
17958
17960
17961
17962
17963
17965
17969
17974
17977
17978
17984
17989
17991
17993
17998
18000
18003
18005
18007
18010
18011
18013
18016
18017
18022
18027
18032
18033
18036
18037
18050
18053
18055
18056
18061
18062
18066
18067
18068
18070
18073
18075
18077
18078
18081
18084
18086
18087
18097
18101
18102
18105
18109
18110
18111
18113
18119
18122
18123
18125
18130
18131
18134
18135
18139
18140
18145
18146
18147
18148
18152
18160
18161
18163
18166
18169
18172
18175
18180
18183
18184
18186
18190
18192
18194
18201
18202
18204
18208
18209
18211
18213
18214
18232
18235
18246
18248
18253
18255
18259
18260
18263
18265
18269
18270
18271
18272
18273
18275
18279
18284
18291
18292
18295
18296
18297
18300
18305
18307
18309
18313
18321
18324
18328
18329
18333
18342
18347
18348
18349
18352
18353
18354
18357
18359
18361
18372
18374
18376
18381
18387
18388
18390
18392
18393
18394
18395
18404
18410
18411
18413
18419
18421
18427
18428
18431
18435
18449
18457
18460
18465
18468
18480
18482
18484
18489
18490
18491
18493
18496
18502
18505
18511
18512
18513
18514
18518
18519
18520
18522
18523
18524
18526
18532
18534
18537
18539
18546
18549
18551
18552
18554
18555
18558
18559
18561
18562
18564
18584
18585
18588
18590
18593
18594
18595
18600
18604
18605
18606
18607
18610
18611
18613
18628
18629
18631
18632
18633
18637
18638
18640
18641
18644
18645
18650
18652
18653
18657
18658
18665
18666
18671
18672
18674
18675
18676
18678
18679
18696
18700
18701
18704
18706
18716
18717
18720
18722
18723
18724
18727
18732
18733
18734
18744
18745
18748
18749
18751
18753
18754
18759
18760
18762
18764
18766
18767
18768
18775
18776
18777
18780
18781
18786
18788
18789
18790
18797
18800
18801
18802
18804
18818
18821
18822
18823
18829
18832
18834
18835
18838
18840
18845
18850
18854
18857
18859
18862
18866
18867
18869
18872
18874
18876
18880
18881
18882
18885
18890
18893
18896
18898
18900
18908
18912
18914
18915
18916
18926
18928
18929
18938
18946
18949
18952
18953
18958
18971
18973
18974
18976
18979
18980
18985
18988
18990
18995
18998
18999
19000
19002
19008
19011
19013
19015
19018
19021
19023
19024
19026
19027
19029
19030
19031
19038
19042
19047
19049
19055
19056
19057
19059
19061
19063
19065
19066
19067
19069
19081
19086
19088
19089
19093
19096
19098
19100
19106
19107
19108
19116
19118
19121
19123
19126
19127
19129
19130
19133
19136
19138
19139
19150
19151
19153
19154
19155
19156
19157
19159
19161
19168
19170
19173
19181
19183
19191
19193
19194
19201
19204
19205
19213
19216
19220
19224
19230
19233
19236
19238
19243
19248
19251
19252
19257
19259
19262
19265
19266
19274
19275
19277
19278
19280
19281
19286
19287
19295
19297
19304
19305
19306
19307
19312
19313
19314
19316
19317
19318
19319
19320
19327
19331
19336
19338
19345
19348
19349
19352
19355
19356
19357
19358
19361
19362
19369
19371
19373
19374
19377
19380
19383
19385
19386
19390
19397
19399
19401
19406
19414
19416
19423
19425
19431
19433
19436
19437
19438
19441
19442
19443
19444
19446
19454
19456
19457
19458
19459
19460
19468
19470
19473
19474
19477
19479
19482
19488
19492
19493
19494
19495
19499
19501
19502
19509
19510
19511
19513
19515
19519
19522
19523
19527
19528
19530
19531
19534
19536
19537
19539
19541
19542
19543
19544
19547
19552
19557
19558
19568
19569
19575
19578
19579
19583
19585
19587
19588
19589
19591
19595
19596
19597
19599
19604
19605
19606
19607
19612
19614
19616
19620
19621
19631
19640
19642
19648
19650
19655
19656
19657
19658
19659
19660
19664
19669
19675
19677
19680
19682
19696
19698
19707
19709
19714
19716
19720
19726
19731
19733
19738
19739
19741
19742
19748
19750
19755
19759
19761
19765
19769
19772
19775
19780
19782
19784
19785
19787
19788
19789
19792
19793
19798
19799
19803
19806
19807
19808
19811
19820
19824
19827
19830
19837
19845
19847
19850
19852
19857
19858
19861
19865
19866
19868
19870
19875
19879
19880
19881
19885
19890
19898
19900
19902
19904
19905
19910
19913
19914
19915
19922
19925
19926
19927
19932
19934
19940
19944
19945
19946
19949
19953
19954
19955
19962
19963
19970
19971
19974
19981
19984
19986
19988
19989
19992
19997
19999
20000
20002
20003
20005
20006
20011
20013
20014
20015
20019
20020
20021
20028
20030
20034
20042
20043
20045
20046
20050
20051
20053
20057
20058
20060
20062
20064
20069
20070
20071
20088
20089
20091
20094
20096
20097
20111
20113
20116
20117
20120
20121
20129
20137
20140
20142
20143
20153
20159
20160
20161
20163
20167
20169
20179
20180
20181
20182
20185
20186
20189
20191
20192
20196
20198
20199
20203
20205
20208
20210
20211
20213
20214
20215
20218
20226
20228
20231
20232
20233
20235
20241
20242
20243
20245
20247
20248
20249
20258
20260
20261
20263
20280
20286
20289
20290
20291
20292
20293
20294
20296
20299
20300
20301
20305
20306
20309
20310
20313
20315
20317
20318
20323
20325
20328
20335
20338
20342
20343
20346
20348
20349
20351
20358
20366
20367
20370
20372
20374
20377
20385
20389
20391
20392
20394
20395
20398
20399
20412
20421
20424
20426
20429
20432
20433
20435
20436
20438
20439
20447
20458
20459
20462
20465
20466
20470
20471
20472
20474
20476
20479
20480
20482
20484
20485
20490
20491
20492
20494
20495
20497
20498
20501
20505
20506
20507
20508
20510
20511
20512
20513
20515
20518
20522
20527
20533
20538
20550
20552
20554
20556
20561
20563
20564
20566
20569
20570
20571
20572
20573
20575
20583
20586
20588
20589
20590
20592
20594
20595
20596
20597
20598
20599
20600
20604
20605
20606
20607
20615
20618
20620
20625
20628
20637
20643
20644
20647
20650
20652
20655
20658
20662
20664
20675
20678
20684
20685
20689
20690
20693
20701
20703
20708
20709
20710
20714
20716
20721
20723
20728
20730
20733
20735
20739
20740
20741
20743
20745
20750
20766
20778
20780
20782
20784
20792
20795
20804
20805
20808
20821
20822
20824
20825
20826
20829
20830
20831
20833
20836
20839
20843
20845
20848
20853
20854
20859
20864
20867
20868
20869
20871
20873
20875
20876
20878
20881
20882
20883
20884
20885
20888
20889
20891
20894
20896
20897
20898
20901
20903
20911
20913
20914
20915
20918
20933
20934
20936
20938
20940
20942
20945
20952
20955
20958
20960
20961
20967
20971
20974
20981
20983
20986
20987
20990
20992
20993
21000
21001
21004
21006
21009
21012
21015
21016
21019
21023
21024
21027
21033
21034
21039
21042
21043
21045
21049
21052
21053
21054
21055
21056
21067
21069
21071
21075
21076
21079
21087
21088
21090
21091
21092
21093
21097
21100
21102
21103
21107
21108
21110
21112
21113
21115
21120
21123
21124
21130
21133
21134
21136
21138
21139
21141
21143
21144
21145
21150
21152
21153
21155
21158
21162
21165
21167
21168
21171
21176
21177
21178
21179
21183
21186
21195
21197
21199
21202
21209
21213
21217
21221
21224
21226
21228
21241
21245
21248
21256
21257
21258
21270
21274
21276
21278
21292
21293
21298
21299
21312
21315
21318
21320
21325
21335
21336
21338
21339
21342
21343
21346
21350
21351
21355
21360
21363
21366
21370
21371
21372
21376
21381
21382
21383
21385
21386
21390
21393
21394
21395
21396
21397
21404
21408
21412
21413
21415
21417
21419
21421
21426
21431
21434
21435
21440
21443
21449
21451
21453
21454
21456
21457
21460
21463
21469
21471
21475
21478
21479
21482
21483
21487
21491
21494
21496
21504
21506
21510
21511
21518
21519
21522
21523
21524
21525
21534
21535
21536
21539
21543
21545
21551
21554
21555
21561
21562
21564
21570
21571
21572
21576
21579
21588
21591
21592
21597
21603
21606
21608
21610
21613
21617
21621
21622
21623
21625
21629
21631
21632
21639
21642
21645
21647
21649
21650
21651
21660
21661
21665
21667
21668
21671
21672
21680
21682
21683
21687
21691
21696
21699
21700
21708
21713
21717
21723
21726
21727
21728
21729
21730
21734
21735
21739
21740
21747
21749
21751
21754
21758
21760
21765
21766
21770
21775
21778
21779
21780
21781
21789
21791
21792
21798
21801
21806
21815
21818
21823
21824
21825
21829
21843
21845
21847
21848
21850
21852
21858
21859
21861
21868
21869
21876
21882
21885
21893
21894
21895
21899
21903
21905
21909
21910
21914
21918
21919
21924
21925
21934
21937
21940
21942
21944
21948
21951
21952
21953
21954
21956
21961
21962
21967
21970
21971
21973
21985
21986
21988
21989
21991
21992
21994
21996
21997
21998
22002
22004
22006
22007
22011
22013
22015
22020
22023
22026
22029
22030
22034
22038
22039
22044
22046
22049
22054
22055
22060
22064
22065
22066
22068
22072
22073
22077
22078
22080
22087
22088
22089
22090
22092
22093
22096
22098
22099
22101
22102
22106
22107
22112
22117
22119
22121
22128
22132
22143
22151
22155
22157
22162
22164
22165
22166
22169
22171
22177
22178
22179
22180
22182
22183
22185
22186
22188
22189
22191
22194
22198
22200
22202
22203
22204
22211
22214
22216
22217
22220
22221
22222
22227
22229
22233
22253
22255
22262
22269
22271
22277
22282
22283
22284
22287
22289
22290
22293
22294
22301
22304
22306
22308
22310
22318
22319
22322
22323
22326
22327
22328
22333
22337
22340
22347
22356
22377
22378
22379
22384
22387
22389
22393
22400
22401
22402
22403
22416
22418
22424
22431
22434
22435
22436
22437
22441
22443
22446
22449
22450
22451
22452
22458
22462
22471
22475
22480
22483
22486
22487
22488
22490
22494
22500
22501
22503
22504
22505
22508
22510
22512
22515
22520
22526
22527
22529
22530
22531
22537
22538
22541
22542
22544
22547
22548
22550
22552
22554
22557
22561
22571
22572
22577
22583
22584
22586
22588
22597
22599
22601
22602
22603
22606
22609
22617
22621
22625
22632
22640
22642
22646
22648
22655
22662
22663
22664
22676
22679
22682
22686
22687
22692
22694
22697
22702
22703
22711
22715
22719
22720
22724
22734
22735
22736
22746
22747
22750
22753
22756
22757
22759
22764
22765
22776
22778
22780
22781
22784
22785
22786
22788
22792
22795
22800
22801
22804
22808
22815
22820
22823
22824
22828
22832
22835
22838
22841
22844
22850
22853
22865
22869
22871
22872
22874
22875
22878
22879
22882
22883
22886
22887
22890
22892
22893
22894
22896
22898
22899
22900
22901
22902
22909
22910
22914
22916
22917
22921
22929
22938
22940
22942
22952
22953
22954
22960
22963
22969
22971
22972
22973
22977
22981
22987
22991
22995
22997
22999
23004
23008
23011
23019
23022
23037
23044
23051
23058
23063
23064
23077
23085
23087
23088
23091
23093
23098
23101
23102
23105
23117
23118
23122
23125
23136
23137
23139
23146
23149
23150
23155
23157
23158
23165
23168
23169
23174
23192
23196
23200
23201
23205
23206
23208
23217
23223
23224
23225
23229
23232
23235
23237
23239
23245
23250
23251
23258
23260
23270
23272
23285
23286
23287
23288
23296
23297
23308
23311
23314
23316
23319
23322
23332
23333
23336
23339
23342
23344
23349
23354
23356
23358
23361
23366
23368
23370
23380
23381
23382
23385
23390
23391
23394
23395
23400
23401
23410
23412
23417
23418
23419
23430
23433
23439
23446
23450
23451
23454
23455
23460
23464
23469
23474
23478
23480
23483
23491
23492
23493
23496
23509
23510
23514
23518
23519
23522
23526
23528
23529
23535
23536
23543
23545
23546
23547
23564
23568
23569
23573
23587
23588
23589
23591
23599
23604
23610
23613
23614
23617
23619
23630
23641
23643
23644
23648
23650
23658
23659
23665
23669
23674
23676
23680
23682
23691
23692
23707
23709
23720
23722
23723
23724
23730
23735
23737
23746
23749
23753
23757
23760
23762
23768
23771
23773
23774
23784
23787
23794
23800
23807
23815
23817
23820
23823
23825
23830
23831
23832
23836
23841
23843
23848
23849
23850
23856
23858
23867
23870
23872
23878
23880
23882
23887
23889
23891
23897
23925
23927
23931
23935
23945
23947
23959
23961
23968
23974
23981
23982
23991
23997
24009
24010
24031
24040
24043
24049
24054
24056
24061
24063
24064
24065
24072
24075
24079
24087
24088
24091
24097
24107
24115
24117
24118
24123
24124
24130
24136
24143
24144
24146
24147
24151
24158
24161
24162
24163
24164
24165
24167
24172
24176
24183
24193
24194
24197
24199
24203
24205
24208
24209
24213
24215
24217
24224
24227
24228
24230
24233
24234
24235
24236
24238
24241
24245
24247
24255
24258
24261
24266
24267
24275
24276
24277
24289
24292
24293
24308
24309
24320
24327
24332
24333
24335
24339
24342
24345
24350
24352
24357
24358
24360
24361
24365
24366
24370
24376
24379
24393
24394
24397
24399
24402
24411
24414
24415
24421
24428
24430
24436
24447
24449
24459
24460
24469
24474
24475
24476
24478
24481
24491
24493
24496
24497
24500
24501
24502
24503
24505
24510
24511
24512
24513
24515
24516
24517
24525
24532
24533
24537
24539
24546
24550
24552
24555
24560
24564
24566
24571
24584
24588
24589
24590
24592
24595
24598
24604
24617
24620
24625
24635
24638
24646
24650
24651
24655
24656
24658
24660
24662
24673
24674
24680
24682
24686
24690
24693
24696
24698
24699
24702
24710
24716
24721
24728
24731
24736
24739
24746
24747
24748
24756
24758
24766
24768
24769
24777
24779
24783
24784
24789
24792
24797
24820
24828
24835
24844
24849
24851
24854
24856
24859
24860
24862
24867
24869
24882
24886
24894
24903
24906
24910
24915
24920
24923
24924
24926
24930
24932
24942
24945
24948
24949
24952
24955
24959
24960
24967
24974
24976
24979
24980
24981
24988
24989
24993
24994
25000
