1
4
5
7
11
12
13
16
24
25
26
32
37
39
41
46
49
50
51
55
60
62
67
70
71
75
81
82
83
86
89
91
92
95
96
98
99
100
104
105
106
110
111
122
124
126
130
134
136
138
139
140
141
142
144
152
153
155
165
168
172
176
177
181
183
185
190
192
197
200
207
209
210
212
213
214
215
216
219
222
223
226
228
229
230
231
237
238
239
243
244
246
251
257
258
260
263
264
268
270
271
273
274
279
283
284
289
291
294
298
300
301
305
312
313
314
316
321
322
323
330
332
333
334
338
342
346
353
354
355
356
359
361
363
365
374
375
382
383
386
387
389
390
392
394
396
397
398
399
404
407
413
415
420
421
422
423
424
432
433
435
436
441
450
451
455
457
461
464
465
466
468
472
474
476
480
483
487
489
492
494
495
497
498
503
504
507
508
511
512
513
517
522
523
524
526
527
529
530
536
542
543
545
547
548
550
551
552
555
556
560
563
566
567
570
571
572
573
580
585
586
588
591
592
593
595
599
602
603
604
605
607
610
615
619
620
623
624
626
629
630
633
634
635
636
637
638
640
642
644
648
652
654
660
664
666
668
669
670
672
675
677
679
680
681
682
683
684
685
686
689
692
693
698
701
707
709
715
719
721
725
726
728
733
735
736
737
742
744
747
753
754
756
758
761
765
766
767
774
777
780
786
789
790
791
793
800
802
804
805
806
809
810
813
816
819
821
822
823
827
829
830
835
837
838
839
840
841
843
844
845
848
852
854
856
858
861
862
864
868
873
874
875
877
881
884
888
890
892
895
896
897
898
899
901
903
906
907
908
913
914
918
924
929
930
935
938
939
941
943
945
946
947
948
951
953
954
955
956
958
959
961
964
965
971
972
973
975
976
979
981
988
994
997
1003
1006
1010
1015
1016
1017
1019
1020
1022
1023
1025
1026
1027
1028
1029
1036
1037
1040
1041
1043
1044
1045
1046
1049
1055
1058
1059
1063
1064
1067
1068
1071
1074
1076
1078
1079
1080
1083
1084
1087
1089
1092
1093
1094
1097
1105
1106
1107
1109
1117
1119
1120
1121
1125
1132
1133
1135
1141
1142
1145
1146
1148
1151
1152
1153
1156
1158
1172
1173
1180
1181
1183
1185
1189
1190
1193
1195
1196
1197
1200
1201
1205
1212
1215
1220
1222
1223
1224
1226
1228
1229
1230
1231
1233
1234
1235
1236
1238
1239
1241
1245
1246
1248
1250
1254
1255
1258
1259
1262
1265
1266
1267
1269
1270
1272
1274
1275
1277
1278
1280
1281
1282
1285
1288
1294
1295
1297
1298
1299
1300
1310
1312
1313
1315
1318
1320
1321
1322
1323
1326
1327
1330
1331
1332
1336
1345
1346
1348
1359
1360
1362
1363
1365
1367
1368
1369
1371
1372
1373
1376
1378
1381
1382
1383
1390
1391
1392
1393
1394
1395
1396
1397
1401
1402
1403
1405
1406
1407
1409
1415
1418
1421
1422
1423
1427
1430
1431
1433
1434
1435
1436
1439
1447
1449
1453
1455
1459
1461
1463
1466
1471
1474
1476
1477
1479
1480
1482
1485
1489
1490
1494
1497
1498
1500
1501
1503
1504
1508
1511
1517
1518
1519
1520
1523
1524
1525
1528
1532
1533
1535
1536
1538
1540
1542
1545
1550
1551
1553
1558
1563
1568
1569
1570
1571
1573
1575
1576
1577
1579
1582
1583
1585
1587
1589
1593
1595
1599
1602
1606
1609
1610
1613
1614
1615
1616
1621
1622
1624
1625
1626
1627
1635
1641
1642
1648
1649
1650
1651
1655
1659
1662
1663
1664
1665
1666
1668
1671
1675
1677
1681
1683
1685
1687
1688
1691
1692
1693
1695
1700
1701
1702
1704
1706
1708
1710
1711
1713
1717
1718
1719
1722
1723
1725
1732
1733
1736
1741
1743
1747
1750
1752
1753
1754
1755
1756
1759
1760
1772
1774
1776
1777
1778
1784
1785
1786
1788
1789
1790
1791
1796
1797
1798
1804
1809
1811
1813
1818
1819
1821
1822
1823
1827
1829
1833
1836
1838
1840
1841
1844
1845
1850
1851
1852
1853
1855
1856
1858
1862
1866
1870
1874
1875
1876
1879
1882
1888
1889
1891
1895
1896
1897
1900
1902
1903
1905
1907
1908
1910
1911
1912
1913
1917
1925
1928
1929
1931
1932
1933
1934
1935
1936
1938
1942
1945
1949
1954
1955
1959
1970
1971
1973
1982
1983
1984
1991
1993
1996
2000
2001
2002
2004
2010
2020
2022
2024
2025
2026
2030
2031
2032
2033
2034
2036
2037
2038
2042
2043
2044
2049
2051
2052
2056
2057
2058
2061
2063
2064
2065
2067
2070
2073
2074
2075
2079
2082
2083
2084
2086
2087
2088
2090
2095
2097
2098
2099
2101
2102
2104
2106
2110
2115
2116
2120
2122
2126
2128
2135
2137
2140
2143
2145
2146
2148
2153
2155
2157
2162
2168
2169
2175
2176
2179
2180
2181
2182
2183
2186
2187
2191
2192
2193
2196
2197
2199
2200
2206
2207
2209
2211
2213
2215
2218
2219
2220
2221
2222
2224
2233
2237
2238
2239
2241
2242
2245
2246
2247
2248
2249
2251
2253
2254
2258
2266
2268
2269
2272
2273
2275
2276
2285
2288
2289
2290
2291
2292
2298
2307
2308
2309
2311
2313
2319
2320
2321
2322
2324
2326
2328
2330
2331
2332
2339
2340
2341
2344
2345
2346
2347
2349
2350
2351
2354
2358
2359
2360
2361
2363
2364
2366
2367
2368
2370
2372
2375
2376
2380
2384
2387
2389
2391
2392
2394
2395
2397
2398
2399
2401
2408
2409
2410
2411
2412
2414
2415
2418
2420
2421
2422
2424
2427
2428
2432
2433
2434
2437
2438
2440
2445
2446
2448
2450
2451
2455
2456
2458
2461
2467
2469
2471
2476
2477
2478
2480
2481
2483
2484
2489
2493
2495
2499
2501
2502
2505
2506
2507
2508
2512
2513
2514
2515
2519
2521
2523
2524
2525
2528
2536
2537
2543
2544
2546
2549
2553
2558
2559
2560
2563
2568
2569
2574
2575
2577
2578
2579
2580
2585
2586
2587
2588
2590
2591
2592
2593
2594
2595
2598
2601
2602
2606
2611
2614
2619
2620
2622
2623
2624
2625
2627
2628
2630
2632
2634
2635
2636
2644
2646
2652
2658
2659
2663
2664
2665
2666
2667
2669
2671
2672
2673
2674
2675
2676
2678
2682
2689
2690
2691
2693
2694
2695
2696
2697
2699
2701
2702
2704
2706
2709
2711
2712
2714
2715
2719
2721
2724
2725
2732
2733
2734
2737
2739
2741
2743
2744
2747
2754
2755
2762
2765
2771
2774
2777
2778
2780
2781
2783
2784
2785
2786
2787
2788
2789
2790
2791
2792
2793
2795
2801
2802
2803
2805
2811
2813
2814
2821
2822
2824
2827
2833
2835
2841
2848
2853
2854
2857
2859
2860
2862
2864
2869
2871
2872
2873
2876
2878
2879
2882
2884
2885
2887
2888
2890
2892
2898
2903
2906
2907
2909
2911
2912
2916
2917
2918
2920
2922
2924
2925
2926
2927
2928
2929
2930
2931
2935
2936
2940
2941
2943
2944
2947
2948
2950
2951
2952
2955
2956
2957
2958
2959
2962
2965
2967
2968
2970
2971
2972
2973
2974
2975
2976
2977
2983
2984
2987
2989
2994
2996
2997
2998
3001
3004
3007
3016
3017
3018
3019
3020
3022
3023
3024
3029
3032
3034
3036
3037
3038
3039
3042
3045
3047
3050
3054
3057
3059
3061
3064
3065
3070
3071
3072
3075
3077
3078
3080
3081
3084
3085
3086
3089
3093
3096
3097
3098
3100
3102
3103
3105
3108
3110
3113
3118
3120
3121
3122
3125
3126
3127
3128
3136
3141
3142
3143
3147
3153
3157
3159
3160
3161
3165
3168
3169
3170
3171
3175
3176
3177
3180
3181
3184
3186
3188
3189
3191
3193
3195
3199
3208
3209
3210
3211
3212
3213
3216
3224
3225
3235
3236
3240
3244
3248
3254
3256
3257
3259
3263
3265
3266
3267
3268
3269
3270
3271
3272
3273
3277
3284
3289
3291
3294
3301
3307
3308
3309
3312
3313
3314
3320
3321
3322
3325
3326
3331
3335
3336
3337
3338
3339
3340
3342
3345
3349
3352
3353
3354
3358
3359
3362
3364
3367
3368
3371
3374
3376
3378
3380
3383
3384
3385
3388
3389
3392
3394
3396
3398
3399
3400
3402
3403
3404
3405
3406
3407
3410
3411
3412
3413
3414
3418
3420
3421
3422
3427
3428
3429
3430
3431
3432
3434
3435
3436
3437
3440
3442
3443
3445
3446
3447
3450
3451
3454
3455
3457
3458
3459
3462
3463
3465
3466
3467
3472
3474
3476
3477
3481
3482
3485
3491
3492
3495
3500
3501
3502
3503
3504
3507
3508
3514
3520
3521
3523
3524
3527
3529
3530
3531
3532
3533
3534
3536
3537
3540
3543
3545
3549
3550
3551
3552
3553
3554
3558
3563
3566
3568
3569
3573
3574
3576
3579
3582
3583
3584
3591
3599
3600
3601
3602
3604
3605
3606
3608
3609
3614
3615
3616
3618
3620
3621
3622
3624
3625
3629
3630
3631
3636
3637
3638
3639
3640
3641
3643
3647
3649
3650
3653
3659
3660
3661
3663
3670
3672
3673
3676
3679
3680
3682
3683
3685
3686
3688
3689
3691
3693
3695
3697
3700
3706
3708
3709
3710
3711
3712
3713
3716
3718
3721
3723
3726
3729
3740
3742
3747
3749
3750
3751
3752
3753
3758
3761
3765
3766
3767
3769
3770
3774
3778
3783
3784
3785
3787
3788
3791
3794
3798
3799
3801
3803
3804
3805
3809
3810
3812
3814
3815
3818
3819
3820
3821
3822
3823
3824
3825
3830
3832
3833
3835
3838
3843
3844
3846
3848
3849
3856
3858
3862
3866
3868
3873
3875
3878
3879
3880
3881
3883
3884
3888
3891
3894
3898
3906
3909
3911
3913
3915
3916
3919
3923
3924
3926
3931
3932
3933
3934
3935
3937
3938
3940
3943
3945
3946
3952
3959
3965
3966
3967
3968
3969
3970
3973
3975
3978
3979
3980
3981
3986
3988
3990
3992
3993
3994
3995
3996
3997
4000
4002
4003
4004
4007
4012
4013
4014
4015
4016
4017
4018
4019
4020
4023
4024
4025
4028
4029
4030
4035
4037
4038
4041
4044
4046
4048
4049
4050
4052
4053
4055
4057
4060
4063
4065
4066
4069
4071
4074
4076
4077
4080
4085
4090
4091
4092
4093
4094
4096
4102
4104
4106
4108
4111
4114
4116
4122
4124
4125
4126
4127
4130
4132
4134
4135
4136
4140
4141
4142
4143
4145
4148
4150
4153
4163
4164
4166
4168
4170
4173
4174
4176
4177
4178
4184
4192
4193
4195
4196
4198
4200
4201
4202
4204
4207
4213
4214
4215
4218
4219
4221
4223
4224
4226
4227
4228
4236
4240
4243
4244
4245
4248
4253
4254
4256
4264
4265
4266
4267
4268
4269
4270
4271
4273
4276
4278
4279
4282
4284
4289
4290
4292
4294
4297
4298
4300
4308
4309
4310
4311
4315
4317
4319
4322
4323
4325
4327
4330
4338
4339
4340
4341
4342
4343
4346
4348
4351
4352
4354
4355
4362
4364
4367
4370
4373
4377
4378
4379
4386
4387
4391
4393
4397
4398
4402
4405
4407
4408
4409
4411
4414
4415
4416
4417
4418
4419
4420
4424
4425
4429
4431
4432
4435
4436
4437
4438
4439
4440
4444
4446
4448
4449
4450
4453
4454
4455
4457
4458
4459
4462
4465
4467
4470
4472
4473
4474
4475
4476
4477
4478
4479
4484
4486
4487
4488
4490
4493
4495
4500
4503
4506
4508
4509
4510
4511
4515
4518
4520
4521
4522
4524
4525
4526
4528
4529
4530
4531
4533
4535
4536
4539
4545
4546
4549
4550
4558
4562
4563
4565
4568
4575
4578
4579
4581
4583
4584
4591
4593
4598
4600
4601
4604
4608
4611
4613
4614
4621
4625
4626
4629
4631
4634
4635
4636
4637
4644
4645
4646
4647
4648
4650
4651
4652
4656
4657
4659
4661
4666
4667
4668
4669
4670
4671
4674
4675
4676
4678
4681
4683
4684
4686
4691
4695
4702
4703
4705
4710
4712
4713
4723
4724
4725
4728
4732
4739
4741
4743
4744
4745
4746
4750
4752
4755
4757
4763
4764
4765
4767
4768
4772
4774
4775
4778
4779
4780
4782
4789
4790
4792
4795
4796
4798
4802
4804
4805
4806
4809
4811
4812
4820
4821
4823
4824
4827
4830
4831
4832
4833
4834
4836
4841
4842
4850
4851
4855
4857
4859
4860
4861
4862
4864
4866
4867
4871
4872
4876
4877
4878
4881
4884
4887
4888
4893
4895
4896
4897
4898
4900
4901
4902
4909
4910
4911
4912
4913
4916
4917
4918
4920
4924
4926
4928
4929
4932
4935
4936
4944
4946
4947
4948
4950
4951
4952
4954
4955
4956
4959
4961
4962
4964
4965
4966
4969
4972
4973
4978
4979
4980
4983
4986
4988
4989
4991
4992
4994
4996
4998
4999
5000
5011
5013
5014
5016
5017
5019
5020
5022
5023
5024
5025
5026
5027
5030
5033
5042
5046
5049
5051
5052
5058
5060
5062
5065
5066
5072
5073
5077
5080
5084
5085
5088
5090
5092
5094
5096
5098
5101
5102
5103
5106
5107
5108
5109
5112
5114
5118
5122
5125
5126
5127
5128
5133
5136
5137
5138
5140
5142
5143
5146
5148
5149
5150
5159
5163
5164
5166
5172
5174
5179
5180
5183
5184
5186
5187
5189
5191
5192
5195
5199
5202
5206
5207
5208
5209
5226
5230
5231
5233
5235
5236
5238
5240
5246
5247
5250
5251
5255
5256
5257
5261
5263
5264
5265
5266
5269
5270
5274
5279
5282
5285
5287
5290
5292
5293
5294
5297
5301
5305
5307
5309
5310
5312
5317
5318
5319
5322
5329
5332
5336
5337
5339
5340
5346
5349
5351
5352
5353
5354
5355
5356
5358
5360
5361
5362
5363
5366
5368
5370
5371
5373
5374
5377
5379
5380
5386
5387
5389
5390
5391
5396
5397
5398
5400
5406
5410
5412
5413
5414
5415
5417
5419
5421
5423
5432
5436
5438
5439
5441
5442
5443
5445
5446
5449
5450
5453
5455
5458
5461
5462
5463
5467
5471
5480
5482
5484
5486
5488
5489
5493
5494
5501
5502
5503
5504
5506
5509
5511
5514
5516
5517
5523
5525
5527
5530
5538
5540
5543
5544
5545
5548
5549
5551
5553
5557
5559
5560
5564
5565
5566
5569
5571
5577
5578
5579
5581
5586
5588
5592
5593
5594
5599
5600
5601
5603
5604
5606
5608
5611
5612
5613
5614
5620
5626
5628
5634
5638
5640
5641
5642
5643
5645
5647
5650
5651
5654
5655
5656
5661
5664
5665
5666
5667
5669
5679
5683
5686
5687
5688
5691
5692
5693
5694
5698
5701
5706
5707
5710
5711
5715
5719
5721
5722
5725
5729
5738
5739
5740
5741
5743
5744
5745
5750
5751
5752
5759
5761
5765
5767
5773
5777
5781
5785
5786
5787
5789
5801
5803
5805
5808
5809
5814
5817
5818
5819
5822
5823
5824
5825
5826
5827
5828
5831
5832
5836
5837
5845
5846
5847
5849
5850
5853
5856
5860
5862
5864
5865
5870
5871
5872
5873
5874
5875
5876
5877
5878
5879
5883
5884
5885
5890
5891
5894
5896
5901
5905
5913
5915
5919
5921
5923
5927
5928
5932
5937
5938
5947
5950
5959
5960
5966
5968
5969
5970
5971
5974
5984
5985
5991
5993
5998
6000
6007
6009
6011
6013
6014
6015
6016
6024
6025
6028
6029
6030
6035
6042
6043
6044
6045
6053
6054
6056
6057
6062
6063
6071
6072
6077
6078
6081
6083
6084
6096
6098
6100
6102
6104
6106
6107
6110
6111
6113
6119
6120
6121
6125
6128
6130
6131
6135
6139
6140
6142
6150
6152
6153
6154
6156
6158
6163
6171
6175
6178
6179
6180
6181
6183
6189
6191
6192
6194
6195
6198
6199
6200
6202
6208
6211
6214
6215
6219
6220
6221
6223
6224
6226
6228
6229
6230
6231
6236
6237
6244
6248
6249
6251
6252
6253
6255
6261
6262
6263
6265
6269
6274
6275
6278
6281
6282
6283
6287
6291
6292
6293
6294
6295
6296
6297
6298
6300
6303
6304
6310
6311
6312
6315
6318
6319
6327
6328
6329
6330
6332
6333
6337
6339
6340
6342
6343
6345
6348
6349
6350
6352
6353
6354
6355
6359
6360
6362
6363
6367
6371
6374
6375
6376
6382
6384
6391
6392
6397
6399
6400
6402
6404
6407
6416
6417
6420
6421
6424
6425
6427
6428
6431
6432
6433
6439
6441
6443
6449
6451
6452
6455
6456
6457
6458
6459
6466
6470
6471
6475
6476
6479
6481
6482
6483
6485
6491
6494
6495
6498
6499
6500
6502
6503
6506
6508
6511
6513
6514
6515
6517
6519
6520
6521
6523
6524
6527
6528
6529
6540
6541
6543
6548
6549
6551
6553
6554
6555
6560
6562
6564
6566
6568
6569
6573
6574
6578
6580
6581
6582
6584
6592
6593
6594
6595
6597
6606
6610
6614
6615
6623
6625
6626
6627
6633
6641
6642
6644
6649
6650
6655
6656
6657
6662
6664
6666
6673
6677
6679
6681
6686
6689
6700
6701
6702
6706
6708
6710
6712
6713
6714
6717
6720
6722
6724
6729
6731
6732
6734
6737
6738
6739
6740
6744
6746
6747
6750
6751
6755
6757
6758
6761
6762
6767
6768
6772
6778
6780
6782
6786
6791
6793
6795
6797
6800
6801
6802
6803
6805
6806
6809
6810
6813
6821
6825
6831
6832
6833
6834
6835
6836
6838
6840
6841
6843
6844
6845
6846
6847
6849
6850
6851
6854
6855
6860
6861
6864
6865
6867
6869
6870
6872
6876
6877
6878
6881
6885
6886
6888
6891
6893
6897
6901
6902
6907
6910
6915
6919
6923
6924
6925
6927
6932
6933
6934
6935
6936
6937
6940
6942
6943
6945
6946
6947
6948
6953
6957
6958
6962
6964
6966
6967
6970
6974
6975
6978
6981
6990
6992
6995
6997
7002
7005
7012
7014
7015
7019
7020
7021
7022
7023
7027
7029
7034
7035
7038
7040
7041
7042
7048
7049
7050
7054
7055
7057
7062
7065
7067
7070
7072
7077
7079
7080
7081
7082
7084
7085
7086
7088
7089
7091
7097
7098
7103
7104
7105
7110
7111
7112
7113
7120
7121
7122
7123
7133
7134
7135
7141
7143
7145
7149
7150
7153
7154
7163
7166
7167
7171
7177
7180
7185
7187
7189
7190
7192
7193
7194
7197
7198
7202
7203
7207
7208
7209
7210
7216
7217
7219
7221
7229
7231
7233
7234
7235
7236
7237
7239
7241
7242
7244
7245
7246
7250
7253
7254
7255
7256
7257
7262
7266
7268
7270
7272
7277
7280
7282
7288
7289
7290
7295
7298
7301
7306
7307
7308
7309
7311
7314
7315
7316
7321
7329
7331
7332
7334
7335
7336
7338
7339
7341
7342
7353
7355
7356
7357
7358
7363
7365
7366
7368
7370
7371
7375
7377
7378
7379
7382
7383
7384
7385
7388
7389
7392
7393
7394
7395
7396
7398
7401
7402
7403
7406
7416
7419
7420
7421
7424
7425
7426
7427
7432
7433
7436
7437
7439
7442
7444
7445
7446
7447
7450
7454
7462
7463
7464
7471
7476
7479
7480
7481
7486
7487
7490
7498
7500
7502
7504
7506
7509
7511
7513
7516
7517
7518
7519
7524
7525
7527
7529
7533
7534
7535
7537
7549
7551
7553
7554
7557
7559
7569
7574
7575
7579
7580
7583
7584
7587
7589
7590
7591
7592
7600
7602
7604
7607
7609
7610
7612
7617
7618
7620
7625
7627
7628
7630
7631
7633
7634
7635
7642
7644
7647
7648
7650
7651
7652
7655
7656
7657
7664
7667
7668
7669
7671
7674
7677
7679
7681
7683
7684
7688
7692
7693
7696
7697
7699
7710
7711
7712
7714
7716
7720
7721
7722
7723
7728
7730
7731
7733
7736
7742
7748
7749
7751
7756
7757
7758
7760
7762
7764
7770
7772
7774
7776
7783
7785
7787
7790
7791
7792
7793
7801
7803
7815
7817
7823
7824
7826
7830
7834
7844
7845
7846
7848
7851
7852
7853
7856
7857
7858
7860
7861
7862
7863
7870
7871
7875
7878
7879
7881
7882
7891
7899
7900
7910
7912
7913
7914
7917
7919
7922
7925
7928
7931
7932
7934
7936
7937
7941
7942
7944
7948
7949
7952
7954
7959
7962
7963
7969
7971
7972
7973
7974
7977
7978
7979
7990
7991
7995
8000
8001
8003
8006
8011
8013
8015
8018
8019
8025
8035
8042
8046
8053
8057
8061
8062
8064
8066
8068
8072
8074
8076
8078
8081
8086
8087
8089
8090
8091
8092
8093
8097
8099
8101
8104
8106
8117
8118
8121
8122
8128
8132
8133
8137
8139
8143
8144
8145
8148
8150
8154
8156
8157
8158
8160
8162
8163
8164
8165
8169
8170
8174
8175
8177
8178
8180
8185
8186
8188
8189
8191
8195
8196
8197
8198
8199
8201
8202
8203
8204
8206
8208
8209
8214
8215
8216
8217
8221
8223
8224
8225
8226
8227
8230
8231
8237
8238
8240
8245
8249
8253
8255
8256
8257
8259
8261
8263
8271
8273
8274
8276
8277
8279
8280
8281
8283
8290
8291
8296
8297
8300
8301
8302
8303
8304
8305
8307
8312
8314
8316
8319
8322
8324
8327
8328
8333
8334
8337
8339
8340
8341
8342
8343
8345
8349
8351
8352
8353
8357
8366
8368
8371
8373
8374
8383
8384
8387
8391
8393
8396
8397
8400
8402
8407
8408
8412
8413
8414
8420
8425
8426
8428
8431
8432
8434
8437
8438
8440
8442
8443
8444
8452
8453
8456
8462
8463
8464
8470
8475
8478
8479
8487
8489
8492
8493
8494
8497
8498
8505
8507
8508
8511
8515
8516
8517
8520
8522
8527
8528
8531
8534
8539
8541
8548
8549
8550
8553
8558
8561
8562
8565
8566
8574
8579
8581
8582
8585
8586
8587
8592
8593
8595
8596
8598
8600
8604
8607
8608
8610
8613
8617
8618
8624
8625
8627
8629
8630
8633
8634
8635
8636
8639
8642
8644
8647
8650
8652
8654
8656
8657
8658
8663
8665
8666
8670
8671
8677
8678
8683
8684
8685
8690
8694
8698
8706
8708
8710
8712
8713
8717
8720
8725
8726
8729
8731
8733
8734
8737
8742
8744
8745
8748
8749
8752
8754
8760
8767
8768
8771
8772
8774
8776
8777
8779
8784
8786
8787
8788
8789
8791
8793
8797
8798
8802
8805
8807
8812
8813
8815
8818
8819
8820
8821
8823
8824
8827
8832
8837
8842
8851
8857
8858
8859
8865
8867
8868
8871
8872
8874
8875
8876
8887
8888
8890
8891
8894
8896
8897
8898
8899
8900
8903
8905
8906
8907
8914
8915
8922
8925
8926
8927
8928
8930
8931
8933
8934
8936
8937
8938
8939
8943
8944
8951
8954
8955
8956
8961
8963
8966
8967
8969
8970
8971
8974
8976
8978
8986
8988
8992
8993
8995
8996
9000
9007
9008
9009
9010
9012
9013
9014
9016
9018
9019
9022
9028
9029
9031
9036
9042
9044
9046
9049
9051
9058
9064
9069
9070
9073
9077
9079
9085
9089
9090
9091
9092
9093
9094
9095
9098
9103
9110
9114
9115
9117
9118
9125
9132
9133
9134
9137
9140
9143
9148
9150
9152
9153
9155
9156
9158
9160
9161
9168
9169
9171
9172
9174
9175
9178
9183
9187
9188
9189
9192
9198
9199
9200
9204
9208
9210
9212
9216
9218
9220
9223
9224
9225
9226
9228
9234
9236
9237
9239
9240
9241
9242
9244
9249
9250
9251
9253
9255
9256
9259
9260
9261
9264
9265
9268
9272
9280
9281
9282
9283
9284
9285
9286
9288
9289
9291
9292
9296
9300
9303
9304
9305
9308
9310
9311
9316
9318
9320
9326
9328
9330
9335
9338
9349
9350
9352
9353
9357
9358
9363
9368
9369
9370
9371
9377
9379
9382
9383
9384
9391
9394
9396
9400
9401
9406
9407
9408
9412
9414
9415
9416
9420
9426
9427
9429
9432
9433
9434
9437
9439
9440
9441
9442
9443
9447
9448
9449
9451
9452
9453
9456
9458
9460
9463
9464
9465
9468
9470
9471
9475
9482
9484
9485
9487
9488
9492
9494
9499
9500
9501
9506
9508
9509
9512
9513
9515
9516
9517
9519
9522
9523
9526
9527
9528
9530
9531
9534
9535
9536
9540
9541
9543
9544
9547
9550
9551
9552
9556
9559
9560
9561
9564
9565
9566
9567
9570
9571
9572
9573
9579
9582
9583
9584
9585
9589
9593
9595
9598
9599
9600
9601
9606
9607
9611
9612
9614
9618
9621
9623
9624
9625
9626
9628
9629
9631
9633
9643
9644
9647
9649
9650
9652
9653
9654
9656
9658
9659
9660
9662
9663
9664
9667
9675
9676
9679
9681
9683
9684
9687
9688
9689
9690
9692
9695
9696
9697
9700
9701
9704
9705
9706
9707
9710
9712
9713
9714
9715
9717
9718
9719
9722
9723
9724
9726
9729
9730
9731
9733
9734
9735
9736
9737
9741
9742
9747
9748
9749
9752
9753
9759
9760
9761
9764
9765
9766
9770
9775
9776
9777
9780
9781
9791
9792
9793
9794
9797
9798
9800
9802
9804
9806
9807
9809
9811
9814
9815
9816
9819
9825
9826
9830
9831
9832
9833
9834
9835
9836
9837
9839
9840
9841
9844
9847
9853
9854
9857
9858
9859
9862
9868
9870
9873
9877
9879
9881
9884
9885
9886
9887
9892
9893
9897
9900
9903
9909
9911
9914
9915
9918
9924
9925
9927
9928
9930
9931
9935
9936
9937
9938
9942
9944
9946
9948
9952
9954
9959
9960
9963
9964
9965
9966
9969
9981
9983
9986
9988
9989
9994
9995
9996
9998
10002
10004
10006
10008
10009
10011
10012
10014
10016
10017
10018
10019
10020
10022
10024
10026
10027
10029
10033
10034
10038
10040
10042
10043
10046
10048
10049
10050
10051
10053
10055
10056
10061
10062
10063
10064
10065
10066
10067
10069
10070
10071
10072
10085
10087
10091
10092
10093
10100
10106
10107
10108
10109
10111
10112
10116
10123
10125
10126
10127
10129
10131
10132
10134
10135
10136
10137
10142
10144
10146
10148
10149
10153
10155
10157
10158
10161
10162
10164
10167
10171
10173
10174
10175
10178
10179
10182
10184
10188
10189
10190
10194
10195
10201
10206
10207
10211
10213
10215
10216
10217
10218
10219
10220
10221
10223
10225
10226
10227
10231
10232
10233
10234
10235
10238
10239
10242
10244
10246
10247
10253
10255
10258
10259
10260
10267
10270
10273
10274
10276
10277
10279
10280
10281
10284
10285
10286
10288
10289
10290
10291
10298
10300
10301
10302
10304
10316
10320
10322
10325
10328
10329
10330
10337
10341
10342
10343
10345
10346
10347
10348
10351
10352
10354
10355
10356
10357
10359
10360
10361
10363
10367
10369
10371
10373
10375
10377
10382
10385
10387
10392
10395
10396
10397
10398
10400
10402
10403
10406
10409
10410
10413
10414
10415
10416
10419
10421
10424
10426
10430
10431
10432
10433
10434
10435
10436
10438
10439
10442
10443
10451
10452
10453
10455
10463
10466
10471
10472
10473
10475
10476
10481
10482
10486
10489
10494
10498
10499
10500
10503
10504
10505
10510
10511
10514
10517
10519
10522
10525
10528
10530
10533
10534
10536
10540
10541
10542
10545
10546
10548
10550
10564
10565
10566
10568
10575
10576
10578
10580
10582
10583
10584
10585
10586
10587
10588
10589
10591
10592
10593
10595
10598
10600
10603
10604
10605
10606
10607
10608
10612
10613
10614
10615
10618
10621
10625
10629
10631
10632
10634
10638
10643
10648
10650
10657
10658
10660
10661
10662
10663
10664
10667
10669
10671
10673
10676
10683
10685
10689
10690
10692
10694
10697
10702
10712
10713
10714
10715
10717
10718
10724
10727
10728
10729
10730
10735
10736
10737
10741
10743
10745
10746
10747
10749
10750
10752
10754
10756
10758
10760
10763
10768
10772
10773
10776
10779
10781
10782
10785
10787
10791
10792
10795
10796
10798
10799
10800
10802
10803
10804
10806
10807
10813
10814
10816
10818
10822
10825
10831
10832
10834
10835
10843
10847
10849
10856
10865
10868
10870
10871
10873
10875
10879
10881
10882
10883
10884
10886
10888
10893
10894
10895
10896
10897
10899
10901
10904
10907
10909
10910
10911
10912
10913
10914
10918
10922
10925
10926
10928
10929
10930
10931
10932
10933
10936
10937
10938
10940
10944
10945
10946
10948
10951
10952
10955
10957
10960
10961
10962
10964
10965
10973
10974
10977
10978
10979
10984
10985
10989
10990
10992
10993
10995
10997
11002
11005
11007
11008
11009
11010
11013
11014
11017
11018
11020
11023
11024
11026
11027
11028
11034
11037
11039
11040
11043
11046
11047
11048
11055
11056
11058
11059
11068
11070
11072
11076
11078
11081
11082
11083
11084
11085
11086
11087
11091
11094
11096
11098
11099
11101
11102
11103
11105
11109
11111
11114
11115
11123
11127
11128
11131
11132
11133
11138
11140
11141
11142
11143
11144
11145
11147
11148
11149
11150
11154
11157
11161
11162
11163
11164
11165
11166
11167
11168
11169
11170
11173
11174
11176
11178
11179
11180
11182
11184
11186
11192
11193
11198
11200
11201
11202
11204
11205
11206
11207
11209
11211
11215
11218
11221
11222
11224
11226
11227
11229
11231
11233
11236
11238
11240
11241
11242
11248
11249
11250
11254
11255
11256
11258
11260
11264
11265
11267
11268
11269
11271
11272
11273
11276
11279
11282
11284
11286
11288
11290
11291
11293
11294
11296
11297
11299
11301
11303
11312
11314
11315
11316
11317
11321
11324
11335
11336
11338
11340
11341
11347
11349
11352
11353
11355
11362
11364
11368
11369
11375
11376
11378
11381
11383
11385
11387
11388
11392
11396
11397
11401
11403
11405
11406
11408
11409
11410
11414
11416
11417
11418
11421
11422
11424
11427
11429
11432
11437
11440
11444
11446
11450
11455
11458
11460
11467
11468
11469
11472
11473
11477
11480
11481
11482
11483
11485
11488
11489
11491
11497
11498
11499
11501
11502
11508
11509
11511
11520
11521
11526
11527
11529
11533
11534
11536
11537
11538
11539
11542
11545
11547
11553
11555
11563
11565
11571
11572
11574
11580
11581
11583
11584
11587
11588
11590
11593
11596
11599
11602
11604
11605
11612
11613
11616
11619
11620
11623
11626
11627
11628
11629
11630
11631
11633
11634
11635
11638
11639
11642
11645
11647
11648
11652
11653
11655
11661
11662
11663
11666
11667
11672
11673
11676
11678
11681
11684
11685
11688
11689
11691
11693
11694
11696
11700
11703
11712
11713
11715
11716
11717
11721
11722
11723
11725
11729
11730
11731
11733
11735
11736
11737
11738
11739
11742
11746
11750
11754
11755
11768
11769
11771
11772
11773
11774
11775
11777
11779
11785
11786
11788
11790
11793
11794
11795
11797
11804
11807
11810
11811
11812
11814
11823
11828
11830
11831
11833
11836
11842
11845
11847
11852
11861
11862
11871
11873
11877
11880
11881
11882
11884
11886
11888
11890
11891
11892
11894
11896
11897
11898
11899
11901
11902
11903
11904
11905
11906
11908
11915
11918
11921
11925
11926
11928
11929
11932
11939
11940
11941
11942
11943
11944
11946
11947
11950
11951
11952
11954
11957
11958
11959
11963
11964
11970
11973
11979
11980
11981
11982
11984
11986
11987
11988
11989
11991
11992
11994
11998
12000
12007
12010
12017
12021
12024
12026
12028
12030
12031
12032
12037
12040
12043
12044
12045
12047
12050
12058
12061
12065
12066
12068
12071
12073
12078
12083
12087
12095
12096
12097
12098
12102
12104
12105
12107
12108
12109
12110
12113
12115
12118
12124
12126
12127
12130
12131
12133
12134
12136
12138
12140
12141
12144
12145
12147
12151
12152
12154
12155
12157
12159
12163
12170
12171
12175
12176
12178
12181
12182
12183
12188
12189
12191
12194
12195
12198
12202
12209
12210
12211
12213
12216
12218
12222
12223
12225
12226
12229
12232
12234
12238
12244
12248
12260
12262
12263
12265
12268
12270
12271
12274
12279
12280
12285
12288
12292
12293
12295
12296
12300
12301
12303
12307
12308
12309
12311
12312
12313
12314
12319
12321
12324
12325
12326
12327
12328
12332
12333
12338
12344
12345
12346
12347
12348
12349
12350
12352
12355
12356
12358
12359
12360
12366
12367
12368
12370
12371
12374
12375
12376
12377
12378
12379
12382
12384
12385
12387
12388
12391
12393
12397
12400
12401
12403
12406
12407
12408
12409
12412
12415
12417
12419
12420
12423
12425
12426
12427
12430
12432
12433
12436
12439
12442
12445
12449
12451
12453
12456
12457
12459
12461
12462
12473
12474
12476
12477
12478
12480
12483
12487
12488
12489
12491
12494
12495
12497
12500
12501
12503
12504
12508
12509
12510
12512
12516
12517
12520
12521
12522
12528
12531
12535
12536
12539
12540
12542
12543
12544
12545
12546
12548
12550
12551
12555
12558
12564
12565
12567
12569
12572
12574
12576
12579
12589
12591
12592
12595
12598
12601
12607
12608
12609
12610
12611
12613
12616
12617
12618
12619
12621
12625
12627
12630
12631
12634
12637
12638
12640
12641
12642
12644
12645
12649
12655
12656
12657
12659
12662
12664
12666
12670
12671
12672
12673
12674
12676
12678
12680
12681
12686
12691
12692
12693
12695
12696
12699
12701
12702
12705
12706
12707
12714
12717
12720
12722
12723
12725
12727
12728
12729
12730
12732
12734
12736
12738
12739
12740
12742
12743
12745
12749
12750
12755
12757
12758
12762
12764
12769
12770
12773
12774
12775
12777
12782
12795
12796
12798
12799
12801
12805
12809
12811
12812
12816
12823
12828
12829
12832
12833
12834
12840
12841
12843
12847
12851
12861
12864
12867
12870
12871
12874
12876
12878
12880
12881
12886
12887
12899
12900
12903
12904
12910
12914
12922
12924
12926
12928
12930
12933
12934
12935
12936
12939
12941
12942
12943
12945
12946
12949
12952
12953
12956
12959
12960
12962
12963
12964
12965
12970
12973
12975
12976
12978
12979
12982
12983
12984
12985
12989
12991
12992
12994
12995
12996
12998
12999
13000
13002
13003
13004
13007
13008
13009
13013
13014
13017
13021
13023
13024
13027
13028
13037
13038
13040
13043
13045
13047
13055
13056
13057
13060
13063
13068
13069
13070
13072
13074
13075
13076
13078
13079
13082
13083
13084
13086
13088
13091
13094
13098
13099
13102
13103
13106
13107
13113
13114
13116
13118
13119
13125
13126
13129
13131
13133
13134
13135
13136
13140
13142
13144
13145
13154
13159
13161
13162
13166
13167
13168
13169
13170
13172
13173
13174
13182
13183
13184
13185
13191
13192
13194
13195
13196
13197
13200
13201
13203
13207
13208
13209
13210
13212
13213
13214
13215
13216
13217
13218
13219
13220
13221
13222
13224
13226
13229
13230
13232
13234
13236
13237
13238
13239
13240
13242
13243
13244
13245
13248
13249
13253
13257
13259
13260
13263
13264
13267
13268
13269
13271
13272
13275
13277
13281
13284
13285
13286
13288
13290
13291
13295
13302
13303
13304
13305
13308
13309
13312
13315
13317
13318
13319
13321
13324
13327
13328
13330
13332
13334
13335
13341
13345
13346
13347
13350
13352
13354
13357
13358
13359
13360
13366
13374
13375
13377
13379
13382
13383
13386
13387
13388
13389
13396
13398
13400
13404
13406
13407
13408
13409
13410
13411
13413
13415
13419
13425
13428
13431
13434
13435
13437
13438
13440
13441
13442
13444
13448
13449
13450
13454
13455
13456
13458
13461
13462
13465
13467
13468
13471
13472
13474
13475
13477
13478
13481
13486
13487
13491
13493
13498
13500
13502
13506
13508
13510
13511
13512
13513
13514
13516
13519
13520
13524
13525
13529
13530
13534
13535
13537
13539
13542
13543
13546
13547
13556
13557
13558
13559
13560
13561
13563
13564
13566
13569
13572
13576
13581
13583
13590
13592
13593
13604
13605
13613
13616
13624
13626
13627
13629
13633
13636
13638
13643
13644
13648
13649
13650
13652
13653
13655
13661
13662
13663
13664
13665
13667
13672
13674
13676
13677
13678
13680
13684
13686
13687
13688
13689
13690
13691
13692
13694
13695
13696
13698
13701
13705
13707
13712
13716
13719
13721
13722
13724
13725
13728
13729
13732
13733
13734
13735
13738
13739
13743
13745
13748
13750
13752
13753
13759
13760
13763
13767
13768
13770
13771
13777
13778
13779
13783
13784
13785
13787
13788
13792
13793
13795
13796
13800
13804
13810
13811
13812
13813
13815
13820
13821
13822
13824
13826
13827
13831
13832
13833
13837
13838
13842
13844
13845
13847
13849
13850
13851
13852
13853
13858
13862
13864
13865
13866
13867
13873
13875
13876
13879
13880
13884
13886
13888
13890
13892
13893
13896
13899
13900
13902
13905
13906
13911
13913
13917
13920
13923
13925
13926
13928
13929
13931
13932
13933
13934
13938
13941
13949
13950
13951
13952
13955
13956
13963
13964
13966
13970
13971
13974
13975
13977
13979
13980
13981
13983
13984
13985
13986
13987
13990
13991
13992
13997
14000
14001
14007
14013
14014
14016
14018
14023
14024
14027
14029
14030
14033
14035
14039
14040
14042
14045
14052
14057
14060
14065
14068
14073
14086
14089
14091
14093
14094
14095
14096
14097
14100
14106
14112
14113
14115
14116
14121
14124
14125
14126
14128
14129
14130
14132
14135
14137
14139
14141
14142
14144
14145
14146
14155
14156
14157
14158
14160
14162
14163
14168
14173
14175
14176
14180
14181
14182
14183
14184
14185
14186
14189
14190
14192
14194
14196
14198
14200
14202
14204
14205
14206
14210
14211
14213
14214
14215
14218
14225
14228
14229
14233
14234
14238
14239
14243
14245
14248
14249
14253
14255
14256
14262
14264
14265
14266
14267
14268
14269
14271
14274
14275
14276
14278
14282
14283
14287
14289
14290
14292
14293
14294
14295
14296
14301
14302
14304
14307
14308
14309
14311
14316
14317
14321
14324
14325
14326
14327
14330
14333
14334
14340
14341
14343
14346
14347
14349
14351
14352
14353
14355
14356
14359
14360
14362
14363
14365
14366
14368
14369
14370
14372
14375
14377
14378
14379
14386
14387
14391
14394
14395
14399
14400
14404
14405
14412
14413
14414
14416
14417
14418
14420
14421
14422
14424
14426
14428
14430
14433
14434
14436
14437
14438
14439
14441
14443
14446
14452
14456
14458
14459
14461
14463
14467
14468
14470
14472
14473
14474
14475
14476
14477
14478
14479
14482
14487
14489
14493
14495
14497
14502
14505
14507
14511
14520
14521
14523
14524
14525
14526
14527
14528
14530
14533
14534
14535
14536
14537
14538
14539
14543
14544
14545
14546
14547
14548
14551
14552
14553
14554
14556
14558
14559
14560
14561
14562
14564
14565
14566
14571
14573
14575
14582
14584
14585
14587
14588
14589
14590
14591
14592
14597
14602
14603
14604
14605
14608
14612
14615
14617
14618
14619
14620
14622
14625
14626
14629
14631
14632
14639
14640
14644
14645
14646
14654
14655
14661
14664
14666
14671
14672
14675
14677
14679
14687
14689
14691
14692
14693
14701
14702
14705
14706
14708
14710
14711
14712
14717
14718
14719
14721
14722
14723
14726
14727
14729
14732
14735
14736
14739
14742
14744
14745
14746
14757
14758
14759
14760
14761
14763
14764
14767
14770
14772
14775
14777
14781
14782
14785
14787
14788
14789
14796
14797
14798
14799
14801
14804
14807
14811
14812
14815
14817
14818
14824
14825
14826
14828
14830
14831
14832
14842
14843
14844
14846
14849
14853
14854
14857
14860
14863
14868
14873
14880
14881
14882
14883
14885
14888
14891
14892
14895
14900
14908
14911
14912
14913
14914
14915
14918
14921
14923
14925
14926
14927
14929
14930
14932
14933
14938
14939
14945
14946
14949
14951
14952
14953
14956
14957
14958
14962
14963
14964
14965
14966
14969
14970
14972
14973
14977
14979
14985
14986
14987
14989
14992
14993
14994
14997
14998
14999
15000
15002
15004
15010
15023
15025
15027
15030
15033
15037
15039
15040
15041
15045
15050
15053
15060
15062
15072
15077
15079
15081
15082
15083
15084
15085
15086
15088
15089
15093
15094
15099
15100
15101
15102
15110
15111
15113
15114
15115
15117
15119
15122
15125
15132
15135
15136
15138
15139
15140
15143
15146
15151
15152
15153
15156
15157
15159
15162
15169
15171
15172
15173
15175
15177
15178
15179
15180
15181
15183
15187
15189
15190
15191
15195
15197
15201
15204
15207
15209
15212
15213
15215
15216
15217
15218
15220
15222
15223
15225
15226
15228
15229
15230
15232
15234
15238
15243
15245
15246
15249
15250
15257
15259
15260
15266
15267
15270
15271
15277
15279
15280
15282
15285
15297
15299
15303
15304
15306
15308
15309
15310
15312
15314
15316
15317
15322
15324
15329
15331
15333
15334
15339
15340
15342
15343
15344
15347
15348
15349
15351
15353
15359
15360
15364
15365
15370
15371
15373
15378
15381
15384
15385
15387
15391
15394
15397
15404
15408
15411
15415
15416
15417
15418
15422
15423
15424
15426
15431
15432
15433
15435
15436
15437
15440
15442
15444
15449
15455
15456
15458
15460
15461
15464
15465
15467
15468
15472
15474
15475
15476
15478
15479
15482
15485
15488
15489
15490
15493
15499
15500
15502
15504
15507
15513
15514
15517
15519
15524
15525
15526
15527
15529
15531
15532
15533
15534
15536
15541
15542
15543
15545
15549
15552
15553
15554
15559
15560
15563
15564
15569
15573
15574
15578
15583
15589
15591
15592
15605
15607
15608
15612
15614
15615
15616
15617
15618
15619
15627
15629
15630
15633
15634
15637
15642
15643
15646
15648
15649
15652
15656
15657
15659
15664
15665
15668
15672
15673
15674
15677
15679
15681
15682
15683
15684
15689
15690
15695
15696
15697
15698
15699
15702
15703
15708
15711
15712
15716
15717
15719
15720
15721
15722
15726
15730
15731
15732
15734
15736
15739
15743
15745
15746
15753
15754
15755
15756
15757
15758
15766
15769
15771
15774
15777
15782
15784
15785
15787
15788
15789
15790
15792
15794
15795
15804
15808
15810
15811
15812
15813
15815
15816
15819
15820
15823
15824
15828
15829
15833
15835
15836
15837
15838
15839
15840
15843
15847
15852
15856
15857
15858
15859
15860
15865
15866
15868
15873
15876
15878
15879
15881
15882
15888
15890
15891
15892
15893
15894
15896
15897
15903
15904
15906
15913
15914
15915
15920
15924
15929
15930
15931
15934
15938
15939
15942
15943
15946
15947
15950
15953
15957
15962
15963
15968
15969
15973
15974
15977
15979
15980
15987
15988
15991
15992
15993
15999
16000
16002
16003
16005
16006
16008
16010
16012
16016
16019
16021
16030
16033
16036
16040
16047
16049
16051
16052
16053
16054
16056
16058
16059
16061
16063
16066
16067
16072
16076
16077
16079
16082
16086
16089
16090
16091
16092
16093
16096
16097
16101
16103
16104
16105
16108
16112
16113
16115
16119
16122
16125
16130
16139
16143
16145
16148
16149
16150
16154
16157
16160
16161
16168
16169
16170
16173
16174
16182
16183
16184
16190
16193
16199
16207
16208
16209
16210
16216
16217
16218
16220
16221
16223
16224
16226
16227
16228
16229
16232
16234
16235
16236
16237
16238
16241
16242
16244
16251
16257
16259
16262
16263
16264
16266
16270
16271
16277
16281
16283
16284
16285
16295
16298
16299
16301
16302
16303
16306
16307
16310
16311
16315
16321
16322
16323
16327
16328
16330
16334
16338
16340
16342
16347
16349
16355
16359
16363
16365
16369
16370
16374
16385
16386
16387
16388
16390
16391
16392
16394
16395
16397
16398
16404
16406
16410
16411
16413
16419
16421
16423
16427
16428
16429
16431
16433
16434
16435
16436
16438
16439
16442
16444
16446
16449
16453
16457
16464
16465
16469
16471
16472
16475
16479
16480
16481
16482
16485
16486
16488
16491
16492
16495
16496
16497
16498
16500
16501
16502
16504
16505
16507
16508
16511
16514
16515
16517
16521
16524
16525
16526
16532
16533
16536
16539
16541
16542
16544
16545
16546
16548
16549
16552
16553
16555
16556
16557
16560
16564
16565
16566
16567
16569
16570
16573
16575
16576
16580
16581
16585
16586
16587
16589
16590
16591
16592
16595
16596
16599
16602
16603
16604
16614
16615
16618
16619
16620
16621
16622
16623
16624
16625
16626
16629
16630
16634
16636
16637
16642
16643
16644
16647
16648
16650
16652
16653
16654
16655
16657
16660
16661
16662
16664
16665
16667
16674
16675
16677
16682
16686
16690
16691
16694
16695
16697
16701
16705
16706
16707
16708
16713
16714
16718
16719
16721
16722
16726
16729
16730
16736
16738
16740
16743
16747
16748
16750
16751
16752
16754
16756
16760
16764
16768
16769
16772
16774
16779
16785
16787
16789
16793
16797
16798
16799
16800
16802
16803
16804
16807
16808
16810
16814
16815
16818
16820
16821
16823
16829
16833
16834
16836
16838
16839
16844
16848
16851
16853
16856
16857
16859
16862
16863
16868
16870
16873
16875
16877
16879
16885
16888
16890
16896
16897
16899
16903
16905
16906
16909
16910
16911
16912
16920
16921
16923
16924
16925
16927
16930
16931
16936
16938
16940
16941
16942
16944
16945
16948
16949
16950
16951
16953
16954
16956
16959
16963
16964
16970
16971
16973
16974
16979
16980
16982
16983
16985
16986
16988
16989
16990
16991
16992
16993
16995
16996
16997
16999
17001
17005
17007
17009
17012
17013
17018
17020
17024
17028
17029
17034
17036
17037
17038
17045
17047
17049
17050
17052
17053
17055
17056
17057
17064
17065
17069
17073
17075
17078
17080
17081
17082
17083
17085
17086
17088
17093
17095
17099
17100
17101
17103
17104
17106
17107
17108
17110
17118
17119
17121
17122
17124
17125
17126
17127
17128
17130
17133
17136
17137
17139
17144
17148
17149
17152
17154
17156
17163
17164
17167
17169
17170
17171
17172
17176
17178
17180
17181
17182
17185
17186
17191
17192
17193
17194
17204
17205
17207
17212
17213
17217
17220
17226
17228
17232
17238
17239
17241
17243
17245
17246
17247
17249
17251
17259
17260
17262
17265
17266
17268
17270
17271
17272
17275
17276
17278
17279
17280
17282
17283
17285
17286
17288
17289
17290
17293
17295
17296
17297
17298
17299
17306
17308
17309
17312
17313
17316
17318
17319
17323
17325
17326
17328
17329
17331
17333
17334
17337
17341
17343
17346
17347
17350
17352
17354
17358
17361
17363
17365
17366
17367
17369
17373
17374
17376
17377
17379
17384
17385
17386
17387
17388
17392
17393
17394
17395
17397
17399
17400
17403
17406
17407
17409
17410
17411
17412
17415
17420
17421
17422
17424
17425
17426
17429
17430
17432
17437
17438
17442
17443
17444
17450
17451
17452
17455
17457
17458
17460
17461
17463
17465
17467
17469
17470
17471
17473
17476
17477
17479
17480
17481
17482
17484
17485
17487
17488
17489
17493
17495
17500
17503
17504
17505
17506
17508
17511
17518
17519
17520
17521
17523
17524
17527
17529
17535
17536
17537
17545
17546
17549
17555
17556
17563
17564
17565
17568
17569
17571
17573
17574
17575
17577
17580
17585
17586
17587
17602
17603
17605
17606
17607
17610
17612
17615
17617
17618
17619
17620
17621
17626
17628
17629
17632
17634
17638
17639
17641
17642
17644
17645
17647
17648
17652
17654
17656
17657
17658
17659
17661
17662
17664
17666
17667
17668
17669
17673
17680
17684
17685
17687
17688
17690
17691
17693
17695
17702
17703
17705
17706
17708
17715
17717
17719
17725
17727
17728
17730
17731
17733
17734
17736
17738
17740
17741
17742
17743
17745
17749
17751
17754
17755
17756
17757
17758
17765
17766
17767
17768
17769
17771
17772
17773
17775
17778
17779
17780
17786
17788
17790
17796
17803
17805
17806
17807
17808
17813
17816
17818
17821
17822
17824
17826
17828
17829
17832
17833
17834
17839
17840
17841
17842
17844
17850
17851
17853
17854
17859
17862
17864
17866
17867
17868
17871
17872
17873
17874
17875
17876
17881
17883
17885
17887
17891
17893
17894
17899
17900
17901
17902
17906
17908
17909
17910
17911
17915
17916
17918
17921
17925
17929
17933
17934
17935
17938
17940
17945
17948
17949
17956
17958
17960
17961
17962
17963
17965
17967
17969
17970
17974
17977
17978
17981
17984
17989
17991
17993
17995
17998
18000
18003
18005
18006
18007
18010
18011
18013
18016
18017
18020
18022
18024
18027
18032
18033
18036
18037
18050
18052
18053
18055
18056
18059
18061
18062
18063
18066
18067
18068
18070
18073
18074
18075
18077
18078
18081
18084
18086
18087
18089
18092
18093
18097
18100
18101
18102
18103
18105
18109
18110
18111
18113
18119
18121
18122
18123
18125
18130
18131
18134
18135
18137
18138
18139
18140
18143
18145
18146
18147
18148
18152
18155
18160
18161
18163
18166
18169
18172
18175
18178
18180
18183
18184
18185
18186
18188
18190
18192
18194
18198
18201
18202
18204
18207
18208
18209
18210
18211
18213
18214
18215
18221
18227
18232
18234
18235
18236
18241
18246
18247
18248
18253
18254
18255
18259
18260
18263
18265
18269
18270
18271
18272
18273
18275
18278
18279
18284
18285
18287
18288
18291
18292
18293
18295
18296
18297
18298
18300
18305
18307
18309
18313
18321
18324
18328
18329
18333
18336
18340
18341
18342
18347
18348
18349
18351
18352
18353
18354
18356
18357
18359
18361
18365
18372
18374
18376
18377
18380
18381
18382
18383
18387
18388
18389
18390
18392
18393
18394
18395
18397
18404
18408
18410
18411
18413
18419
18421
18427
18428
18429
18431
18434
18435
18449
18453
18457
18460
18463
18464
18465
18468
18469
18470
18471
18477
18478
18480
18482
18483
18484
18489
18490
18491
18493
18496
18498
18502
18505
18511
18512
18513
18514
18515
18516
18518
18519
18520
18522
18523
18524
18526
18529
18531
18532
18534
18537
18539
18546
18547
18549
18551
18552
18554
18555
18558
18559
18561
18562
18564
18565
18566
18573
18583
18584
18585
18588
18590
18592
18593
18594
18595
18599
18600
18604
18605
18606
18607
18610
18611
18612
18613
18622
18624
18626
18628
18629
18631
18632
18633
18637
18638
18640
18641
18644
18645
18647
18650
18652
18653
18657
18658
18661
18664
18665
18666
18668
18671
18672
18674
18675
18676
18678
18679
18680
18681
18682
18696
18700
18701
18703
18704
18705
18706
18708
18716
18717
18720
18721
18722
18723
18724
18727
18732
18733
18734
18738
18743
18744
18745
18748
18749
18751
18753
18754
18757
18759
18760
18762
18764
18766
18767
18768
18769
18772
18775
18776
18777
18780
18781
18783
18785
18786
18788
18789
18790
18792
18795
18797
18800
18801
18802
18803
18804
18805
18818
18821
18822
18823
18829
18832
18833
18834
18835
18838
18840
18845
18850
18851
18854
18855
18856
18857
18859
18862
18866
18867
18869
18872
18874
18875
18876
18880
18881
18882
18883
18885
18890
18893
18896
18898
18899
18900
18904
18908
18912
18914
18915
18916
18919
18926
18928
18929
18938
18945
18946
18948
18949
18950
18952
18953
18956
18958
18963
18964
18970
18971
18973
18974
18976
18979
18980
18985
18987
18988
18990
18995
18998
18999
19000
19002
19008
19009
19011
19013
19015
19018
19021
19023
19024
19026
19027
19029
19030
19031
19038
19039
19042
19045
19047
19049
19055
19056
19057
19059
19061
19063
19065
19066
19067
19069
19081
19085
19086
19088
19089
19090
19093
19094
19096
19098
19100
19106
19107
19108
19116
19118
19119
19121
19123
19126
19127
19129
19130
19133
19136
19138
19139
19142
19146
19150
19151
19153
19154
19155
19156
19157
19158
19159
19161
19168
19170
19173
19174
19177
19181
19183
19187
19191
19193
19194
19195
19201
19204
19205
19206
19213
19216
19220
19224
19226
19230
19231
19233
19235
19236
19238
19242
19243
19247
19248
19250
19251
19252
19257
19259
19262
19265
19266
19274
19275
19276
19277
19278
19280
19281
19282
19284
19286
19287
19293
19295
19297
19299
19304
19305
19306
19307
19308
19312
19313
19314
19316
19317
19318
19319
19320
19327
19331
19333
19334
19335
19336
19338
19344
19345
19348
19349
19352
19353
19355
19356
19357
19358
19361
19362
19364
19369
19370
19371
19373
19374
19376
19377
19379
19380
19383
19385
19386
19389
19390
19391
19394
19397
19398
19399
19401
19404
19406
19408
19414
19416
19419
19423
19425
19431
19432
19433
19434
19436
19437
19438
19441
19442
19443
19444
19446
19452
19454
19456
19457
19458
19459
19460
19468
19470
19473
19474
19477
19479
19480
19481
19482
19487
19488
19492
19493
19494
19495
19499
19501
19502
19503
19505
19506
19509
19510
19511
19513
19515
19519
19522
19523
19525
19527
19528
19530
19531
19534
19536
19537
19539
19541
19542
19543
19544
19547
19551
19552
19557
19558
19559
19560
19564
19566
19568
19569
19575
19578
19579
19583
19585
19587
19588
19589
19591
19595
19596
19597
19598
19599
19604
19605
19606
19607
19612
19614
19616
19620
19621
19623
19624
19631
19634
19640
19642
19647
19648
19650
19652
19654
19655
19656
19657
19658
19659
19660
19663
19664
19669
19675
19677
19680
19682
19695
19696
19698
19707
19709
19714
19716
19720
19724
19726
19731
19733
19737
19738
19739
19741
19742
19744
19748
19750
19755
19759
19761
19765
19769
19772
19773
19775
19780
19782
19784
19785
19787
19788
19789
19792
19793
19796
19798
19799
19801
19803
19804
19806
19807
19808
19811
19814
19820
19822
19824
19827
19830
19831
19835
19837
19844
19845
19847
19850
19852
19853
19857
19858
19859
19861
19862
19865
19866
19867
19868
19870
19875
19879
19880
19881
19882
19885
19890
19898
19900
19902
19904
19905
19907
19910
19913
19914
19915
19922
19923
19925
19926
19927
19932
19934
19938
19939
19940
19944
19945
19946
19949
19953
19954
19955
19960
19962
19963
19970
19971
19974
19978
19981
19984
19986
19988
19989
19992
19993
19997
19999
20000
20002
20003
20005
20006
20007
20011
20013
20014
20015
20019
20020
20021
20024
20025
20028
20030
20033
20034
20036
20042
20043
20045
20046
20049
20050
20051
20053
20057
20058
20060
20062
20064
20069
20070
20071
20075
20079
20088
20089
20091
20093
20094
20096
20097
20102
20111
20113
20116
20117
20120
20121
20129
20136
20137
20138
20139
20140
20142
20143
20146
20153
20159
20160
20161
20163
20166
20167
20169
20177
20179
20180
20181
20182
20185
20186
20188
20189
20191
20192
20193
20196
20198
20199
20201
20203
20205
20208
20210
20211
20213
20214
20215
20218
20219
20224
20226
20228
20231
20232
20233
20235
20237
20241
20242
20243
20245
20247
20248
20249
20251
20255
20258
20260
20261
20263
20265
20268
20269
20270
20274
20275
20277
20280
20281
20282
20286
20287
20289
20290
20291
20292
20293
20294
20296
20299
20300
20301
20304
20305
20306
20309
20310
20313
20315
20317
20318
20323
20325
20328
20331
20335
20336
20338
20342
20343
20344
20346
20348
20349
20351
20352
20356
20358
20361
20364
20366
20367
20370
20372
20374
20377
20380
20385
20389
20391
20394
20395
20398
20399
20408
20412
20415
20417
20419
20421
20424
20426
20428
20429
20432
20433
20435
20436
20438
20439
20447
20458
20459
20462
20465
20466
20467
20470
20471
20472
20473
20474
20476
20479
20480
20482
20483
20484
20485
20486
20490
20491
20492
20494
20495
20496
20497
20498
20501
20505
20506
20507
20508
20510
20511
20512
20513
20515
20518
20522
20527
20533
20535
20537
20538
20550
20552
20554
20556
20561
20563
20564
20566
20568
20569
20570
20571
20572
20573
20575
20582
20583
20586
20588
20589
20590
20591
20592
20594
20595
20596
20597
20598
20599
20600
20604
20605
20606
20607
20611
20612
20615
20618
20620
20625
20628
20631
20636
20637
20642
20643
20644
20645
20647
20650
20652
20655
20658
20659
20662
20663
20664
20666
20671
20675
20676
20677
20678
20683
20684
20685
20686
20689
20690
20691
20693
20695
20696
20699
20701
20703
20708
20709
20710
20712
20714
20716
20719
20721
20723
20726
20728
20730
20733
20734
20735
20738
20739
20740
20741
20743
20745
20749
20750
20753
20764
20766
20770
20773
20777
20778
20780
20782
20783
20784
20787
20792
20795
20802
20804
20805
20808
20809
20813
20821
20822
20824
20825
20826
20829
20830
20831
20833
20836
20839
20843
20845
20848
20853
20854
20859
20863
20864
20866
20867
20868
20869
20871
20873
20875
20876
20877
20878
20881
20882
20883
20884
20885
20888
20889
20891
20893
20894
20896
20897
20898
20901
20903
20907
20910
20911
20913
20914
20915
20918
20920
20921
20926
20930
20933
20934
20936
20938
20940
20941
20942
20945
20952
20955
20958
20960
20961
20963
20967
20968
20971
20974
20981
20983
20984
20985
20986
20987
20990
20991
20992
20993
21000
21001
21003
21004
21006
21009
21010
21011
21012
21015
21016
21017
21019
21023
21024
21027
21029
21030
21033
21034
21037
21039
21042
21043
21045
21047
21049
21052
21053
21054
21055
21056
21059
21064
21067
21069
21070
21071
21073
21075
21076
21079
21085
21087
21088
21090
21091
21092
21093
21094
21096
21097
21100
21102
21103
21107
21108
21109
21110
21112
21113
21115
21120
21123
21124
21130
21133
21134
21136
21138
21139
21141
21143
21144
21145
21150
21152
21153
21155
21157
21158
21160
21161
21162
21165
21167
21168
21169
21171
21176
21177
21178
21179
21183
21186
21192
21195
21197
21199
21201
21202
21209
21210
21213
21217
21220
21221
21222
21224
21226
21228
21230
21241
21245
21248
21253
21256
21257
21258
21266
21267
21269
21270
21274
21276
21278
21280
21292
21293
21298
21299
21312
21315
21318
21320
21322
21325
21331
21333
21335
21336
21338
21339
21342
21343
21346
21349
21350
21351
21355
21356
21357
21360
21363
21366
21370
21371
21372
21376
21377
21381
21382
21383
21385
21386
21388
21390
21392
21393
21394
21395
21396
21397
21404
21408
21412
21413
21415
21417
21419
21421
21426
21431
21433
21434
21435
21440
21443
21447
21449
21451
21453
21454
21456
21457
21458
21459
21460
21463
21469
21471
21472
21475
21477
21478
21479
21482
21483
21486
21487
21491
21494
21496
21501
21504
21506
21510
21511
21518
21519
21522
21523
21524
21525
21534
21535
21536
21539
21541
21542
21543
21545
21551
21554
21555
21561
21562
21563
21564
21570
21571
21572
21576
21579
21582
21586
21588
21591
21592
21593
21597
21598
21603
21606
21608
21610
21611
21613
21614
21617
21620
21621
21622
21623
21625
21629
21631
21632
21633
21635
21638
21639
21642
21645
21647
21649
21650
21651
21653
21655
21660
21661
21662
21665
21667
21668
21671
21672
21679
21680
21682
21683
21685
21687
21688
21691
21696
21699
21700
21704
21708
21713
21716
21717
21723
21726
21727
21728
21729
21730
21733
21734
21735
21739
21740
21747
21749
21750
21751
21753
21754
21758
21760
21763
21765
21766
21769
21770
21772
21775
21778
21779
21780
21781
21785
21789
21791
21792
21796
21798
21801
21806
21810
21813
21815
21817
21818
21819
21823
21824
21825
21826
21829
21842
21843
21845
21847
21848
21850
21852
21858
21859
21861
21868
21869
21873
21876
21877
21882
21885
21889
21893
21894
21895
21899
21900
21903
21905
21907
21909
21910
21914
21918
21919
21924
21925
21931
21934
21936
21937
21940
21942
21944
21945
21946
21948
21951
21952
21953
21954
21956
21961
21962
21963
21967
21968
21970
21971
21972
21973
21980
21983
21985
21986
21987
21988
21989
21991
21992
21994
21996
21997
21998
22002
22004
22005
22006
22007
22011
22013
22015
22020
22022
22023
22026
22029
22030
22034
22038
22039
22042
22044
22046
22049
22053
22054
22055
22060
22062
22064
22065
22066
22068
22072
22073
22074
22075
22077
22078
22080
22087
22088
22089
22090
22092
22093
22096
22098
22099
22101
22102
22103
22106
22107
22112
22117
22119
22121
22128
22132
22140
22143
22151
22153
22155
22157
22162
22164
22165
22166
22169
22171
22177
22178
22179
22180
22182
22183
22185
22186
22188
22189
22190
22191
22194
22198
22200
22202
22203
22204
22211
22212
22213
22214
22216
22217
22220
22221
22222
22224
22226
22227
22229
22230
22233
22253
22254
22255
22259
22260
22262
22269
22270
22271
22277
22282
22283
22284
22287
22289
22290
22293
22294
22297
22301
22304
22306
22308
22310
22312
22318
22319
22321
22322
22323
22326
22327
22328
22333
22337
22340
22346
22347
22350
22353
22356
22361
22365
22370
22371
22377
22378
22379
22384
22387
22389
22390
22393
22400
22401
22402
22403
22410
22411
22416
22418
22424
22427
22431
22434
22435
22436
22437
22441
22443
22446
22449
22450
22451
22452
22455
22458
22462
22467
22471
22475
22476
22478
22480
22483
22486
22487
22488
22490
22491
22493
22494
22495
22500
22501
22503
22504
22505
22507
22508
22509
22510
22512
22515
22520
22521
22526
22527
22529
22530
22531
22535
22537
22538
22541
22542
22544
22547
22548
22550
22551
22552
22554
22556
22557
22561
22571
22572
22573
22577
22583
22584
22586
22588
22597
22599
22600
22601
22602
22603
22606
22609
22617
22621
22622
22625
22630
22631
22632
22634
22636
22640
22642
22644
22646
22648
22655
22662
22663
22664
22673
22676
22679
22682
22685
22686
22687
22692
22693
22694
22696
22697
22698
22702
22703
22711
22715
22718
22719
22720
22724
22732
22734
22735
22736
22740
22746
22747
22749
22750
22752
22753
22756
22757
22759
22764
22765
22770
22771
22776
22778
22780
22781
22784
22785
22786
22788
22792
22795
22796
22800
22801
22804
22808
22810
22815
22816
22819
22820
22823
22824
22828
22832
22835
22838
22840
22841
22844
22850
22853
22864
22865
22869
22870
22871
22872
22874
22875
22878
22879
22882
22883
22886
22887
22890
22892
22893
22894
22896
22898
22899
22900
22901
22902
22909
22910
22914
22916
22917
22921
22922
22929
22931
22938
22940
22942
22943
22952
22953
22954
22960
22963
22964
22969
22970
22971
22972
22973
22974
22977
22980
22981
22987
22991
22995
22997
22999
23002
23004
23008
23011
23017
23019
23022
23023
23027
23034
23037
23044
23046
23051
23058
23063
23064
23065
23077
23085
23087
23088
23090
23091
23093
23098
23101
23102
23104
23105
23116
23117
23118
23120
23122
23125
23126
23129
23136
23137
23138
23139
23143
23145
23146
23149
23150
23155
23157
23158
23164
23165
23168
23169
23172
23174
23192
23196
23200
23201
23205
23206
23208
23211
23217
23223
23224
23225
23226
23229
23231
23232
23234
23235
23237
23238
23239
23245
23250
23251
23252
23255
23258
23260
23265
23269
23270
23272
23273
23282
23285
23286
23287
23288
23289
23296
23297
23305
23308
23311
23314
23316
23318
23319
23322
23330
23332
23333
23336
23339
23342
23344
23349
23354
23356
23358
23361
23366
23368
23370
23380
23381
23382
23385
23390
23391
23394
23395
23400
23401
23410
23412
23414
23417
23418
23419
23430
23433
23434
23439
23445
23446
23449
23450
23451
23453
23454
23455
23460
23464
23465
23469
23474
23477
23478
23480
23483
23491
23492
23493
23496
23498
23509
23510
23514
23515
23518
23519
23522
23526
23528
23529
23534
23535
23536
23541
23543
23545
23546
23547
23548
23550
23564
23568
23569
23570
23573
23582
23585
23587
23588
23589
23591
23599
23601
23604
23608
23610
23613
23614
23617
23618
23619
23620
23625
23630
23633
23641
23643
23644
23645
23648
23650
23658
23659
23660
23665
23669
23674
23676
23680
23682
23684
23687
23691
23692
23698
23699
23701
23707
23709
23717
23720
23722
23723
23724
23730
23732
23735
23737
23739
23746
23749
23753
23754
23757
23760
23762
23768
23769
23771
23773
23774
23777
23784
23787
23794
23800
23807
23811
23815
23817
23820
23823
23825
23830
23831
23832
23835
23836
23841
23843
23848
23849
23850
23854
23856
23858
23860
23867
23870
23872
23875
23878
23880
23882
23886
23887
23889
23891
23897
23898
23901
23924
23925
23926
23927
23931
23935
23941
23945
23947
23956
23957
23959
23961
23968
23974
23977
23981
23982
23991
23992
23997
24000
24009
24010
24018
24031
24040
24043
24049
24053
24054
24056
24059
24061
24062
24063
24064
24065
24072
24075
24079
24086
24087
24088
24089
24090
24091
24097
24102
24104
24107
24115
24117
24118
24123
24124
24130
24136
24143
24144
24146
24147
24151
24158
24161
24162
24163
24164
24165
24166
24167
24168
24172
24176
24181
24183
24193
24194
24197
24199
24203
24205
24208
24209
24210
24211
24213
24215
24217
24224
24227
24228
24230
24233
24234
24235
24236
24238
24240
24241
24243
24245
24247
24255
24256
24258
24261
24263
24266
24267
24275
24276
24277
24289
24292
24293
24306
24308
24309
24317
24318
24320
24327
24332
24333
24335
24336
24338
24339
24342
24344
24345
24350
24352
24357
24358
24360
24361
24365
24366
24370
24376
24377
24379
24391
24393
24394
24397
24399
24402
24403
24411
24414
24415
24421
24428
24430
24436
24447
24449
24451
24459
24460
24469
24471
24474
24475
24476
24478
24481
24486
24488
24491
24493
24496
24497
24500
24501
24502
24503
24505
24506
24508
24510
24511
24512
24513
24515
24516
24517
24522
24524
24525
24532
24533
24536
24537
24539
24546
24550
24551
24552
24555
24556
24560
24562
24564
24566
24571
24584
24588
24589
24590
24592
24595
24598
24604
24617
24620
24625
24631
24635
24638
24645
24646
24650
24651
24655
24656
24658
24660
24662
24673
24674
24679
24680
24682
24686
24688
24690
24693
24694
24696
24698
24699
24702
24703
24710
24715
24716
24721
24723
24728
24731
24734
24736
24739
24746
24747
24748
24750
24756
24758
24766
24769
24771
24777
24779
24783
24784
24786
24789
24792
24797
24799
24813
24820
24828
24829
24834
24835
24836
24844
24849
24851
24854
24856
24858
24859
24860
24862
24867
24869
24870
24882
24886
24893
24894
24903
24906
24910
24915
24920
24923
24924
24926
24930
24932
24942
24945
24948
24949
24952
24955
24956
24958
24959
24960
24967
24970
24973
24974
24976
24979
24980
24981
24987
24988
24989
24991
24992
24993
24994
24997
24998
25000
