2
8
14
15
17
22
23
28
30
31
33
37
39
43
44
45
54
56
57
58
63
65
68
73
76
77
79
80
85
87
94
95
96
100
102
103
106
107
112
113
114
115
118
119
120
123
124
125
135
136
141
146
147
154
155
157
158
159
164
166
170
174
178
180
189
197
198
202
204
206
208
210
212
213
218
220
223
226
229
233
234
240
247
252
253
254
255
258
261
276
277
278
281
285
287
288
292
296
298
302
303
306
307
308
311
315
317
321
326
328
334
336
337
338
339
340
342
347
350
353
356
360
362
367
372
375
376
378
379
385
387
391
395
403
407
409
412
413
415
416
426
428
429
434
438
446
448
452
458
459
466
468
475
478
482
486
490
493
500
501
502
506
509
519
520
521
531
534
535
537
538
542
551
552
553
554
569
570
574
575
577
580
581
583
588
591
593
594
597
598
600
602
608
609
612
614
618
619
624
625
627
630
632
636
637
643
645
646
653
655
656
658
663
666
668
671
673
674
676
683
687
691
692
693
694
695
696
700
703
708
710
712
719
723
725
727
729
730
732
733
738
739
748
751
759
760
762
763
765
766
773
775
776
781
786
787
788
795
796
804
807
808
814
815
816
818
821
826
832
834
838
839
841
842
844
849
850
853
861
865
866
868
871
874
875
876
880
881
883
886
888
893
896
899
900
902
918
919
921
922
925
926
932
936
949
950
952
957
958
960
962
963
966
967
968
969
970
971
975
977
978
982
983
987
988
990
992
995
996
998
999
1001
1004
1010
1011
1013
1021
1023
1025
1028
1029
1037
1038
1039
1040
1042
1043
1044
1045
1046
1052
1056
1057
1059
1060
1064
1069
1072
1075
1077
1081
1083
1085
1086
1091
1094
1095
1101
1104
1105
1106
1108
1110
1118
1122
1128
1132
1134
1138
1141
1143
1144
1149
1150
1152
1153
1154
1155
1157
1164
1166
1167
1168
1169
1171
1175
1177
1179
1182
1185
1191
1195
1197
1198
1199
1208
1212
1214
1217
1218
1222
1225
1239
1243
1244
1250
1251
1252
1253
1255
1257
1260
1268
1270
1273
1274
1279
1280
1286
1289
1299
1301
1302
1303
1304
1307
1310
1311
1314
1324
1328
1333
1341
1344
1346
1347
1350
1354
1355
1363
1365
1367
1369
1375
1378
1384
1385
1386
1389
1391
1392
1394
1397
1399
1403
1408
1411
1413
1414
1419
1432
1441
1445
1450
1456
1458
1460
1461
1463
1464
1466
1473
1474
1475
1478
1479
1483
1486
1487
1493
1496
1497
1498
1502
1512
1513
1515
1517
1526
1529
1531
1537
1538
1539
1541
1543
1546
1549
1550
1552
1562
1564
1566
1570
1571
1572
1574
1577
1580
1583
1584
1588
1591
1595
1596
1600
1601
1603
1604
1605
1606
1608
1609
1610
1612
1614
1616
1620
1623
1624
1632
1639
1640
1642
1644
1646
1650
1653
1657
1661
1668
1670
1673
1676
1677
1678
1681
1682
1686
1692
1696
1697
1699
1703
1709
1715
1716
1720
1721
1723
1724
1725
1727
1728
1734
1744
1745
1746
1747
1748
1752
1757
1761
1763
1764
1765
1768
1782
1783
1789
1791
1794
1795
1796
1799
1800
1801
1803
1806
1808
1810
1815
1817
1819
1825
1827
1832
1834
1835
1836
1837
1839
1841
1845
1849
1851
1853
1854
1859
1863
1864
1865
1877
1883
1884
1885
1892
1893
1897
1898
1901
1904
1905
1906
1908
1909
1912
1914
1915
1916
1918
1920
1922
1923
1927
1929
1935
1936
1949
1950
1951
1952
1955
1957
1964
1974
1978
1985
1989
1991
1992
1994
1995
1996
1997
1998
2001
2005
2007
2008
2012
2014
2015
2016
2019
2021
2022
2023
2027
2029
2030
2035
2045
2052
2053
2055
2065
2077
2081
2082
2083
2085
2086
2090
2092
2093
2101
2102
2103
2104
2106
2107
2108
2109
2112
2113
2114
2117
2119
2123
2124
2130
2132
2133
2136
2138
2139
2140
2144
2150
2152
2153
2156
2159
2160
2161
2164
2166
2167
2170
2172
2177
2185
2186
2187
2195
2200
2204
2208
2210
2211
2216
2218
2220
2223
2224
2225
2227
2228
2234
2237
2240
2241
2243
2244
2246
2247
2249
2254
2256
2258
2259
2261
2274
2278
2279
2281
2283
2291
2297
2299
2300
2301
2305
2306
2307
2312
2317
2324
2326
2327
2329
2333
2335
2337
2343
2345
2346
2348
2350
2352
2353
2355
2357
2360
2361
2362
2368
2369
2374
2375
2376
2378
2379
2381
2382
2383
2385
2387
2388
2390
2394
2396
2397
2401
2406
2410
2416
2421
2422
2424
2431
2438
2441
2442
2444
2447
2449
2452
2453
2454
2455
2457
2458
2459
2460
2462
2464
2468
2470
2471
2473
2475
2476
2477
2482
2486
2488
2491
2493
2500
2501
2506
2507
2508
2510
2512
2516
2525
2527
2528
2529
2530
2531
2534
2535
2543
2545
2558
2561
2562
2563
2567
2570
2571
2575
2581
2585
2593
2594
2595
2600
2601
2604
2607
2609
2610
2613
2615
2616
2617
2619
2620
2624
2635
2636
2642
2645
2647
2648
2649
2650
2652
2655
2656
2658
2661
2662
2665
2666
2668
2676
2680
2683
2686
2687
2692
2695
2696
2699
2702
2706
2715
2716
2718
2720
2723
2724
2726
2728
2730
2734
2736
2740
2747
2752
2756
2758
2759
2762
2764
2769
2770
2772
2774
2775
2776
2777
2784
2787
2791
2796
2800
2805
2806
2807
2808
2809
2814
2822
2824
2826
2827
2829
2832
2835
2836
2840
2842
2843
2844
2845
2851
2852
2856
2858
2861
2864
2870
2871
2874
2875
2880
2883
2891
2895
2896
2897
2901
2902
2908
2909
2910
2913
2914
2917
2922
2924
2928
2931
2933
2934
2935
2937
2938
2939
2942
2945
2950
2952
2960
2963
2965
2976
2980
2981
2982
2983
2985
2986
2991
2992
2993
2997
3001
3002
3004
3013
3014
3017
3018
3024
3025
3026
3028
3031
3033
3034
3035
3041
3043
3044
3048
3051
3055
3062
3063
3065
3066
3076
3086
3091
3094
3102
3104
3108
3111
3112
3114
3115
3116
3117
3122
3125
3129
3130
3132
3135
3139
3144
3149
3152
3153
3158
3161
3163
3174
3194
3195
3197
3198
3200
3201
3202
3210
3213
3215
3216
3218
3219
3222
3224
3226
3229
3230
3231
3232
3233
3235
3237
3239
3241
3242
3243
3245
3249
3250
3251
3255
3257
3258
3260
3264
3282
3285
3286
3289
3290
3292
3294
3295
3297
3300
3303
3304
3305
3314
3316
3317
3323
3324
3325
3328
3329
3330
3333
3334
3337
3344
3348
3355
3357
3369
3371
3372
3377
3391
3393
3397
3398
3401
3405
3406
3409
3428
3432
3433
3436
3439
3446
3447
3448
3453
3457
3460
3461
3464
3465
3473
3476
3479
3482
3484
3486
3492
3497
3499
3500
3506
3509
3510
3511
3512
3516
3517
3519
3529
3544
3546
3554
3559
3560
3564
3565
3570
3572
3576
3578
3581
3583
3584
3586
3587
3590
3592
3600
3601
3604
3606
3613
3614
3617
3619
3622
3626
3634
3639
3650
3651
3653
3655
3659
3664
3666
3668
3671
3678
3680
3681
3689
3690
3692
3697
3699
3701
3702
3711
3714
3715
3717
3718
3721
3730
3731
3732
3737
3738
3739
3741
3743
3746
3748
3750
3753
3755
3756
3766
3773
3775
3778
3779
3780
3781
3784
3789
3790
3795
3796
3802
3806
3809
3810
3811
3816
3817
3819
3824
3827
3829
3835
3836
3837
3839
3840
3842
3850
3851
3852
3857
3858
3859
3860
3861
3864
3867
3870
3876
3878
3882
3890
3895
3897
3898
3899
3901
3903
3904
3907
3910
3914
3922
3925
3927
3929
3932
3940
3942
3943
3944
3945
3947
3948
3955
3956
3960
3961
3962
3963
3967
3972
3987
3992
3994
3998
3999
4002
4006
4008
4010
4013
4021
4024
4025
4028
4029
4030
4031
4033
4035
4036
4037
4039
4040
4041
4045
4051
4054
4056
4058
4059
4060
4061
4062
4065
4068
4070
4072
4083
4084
4088
4096
4112
4113
4115
4118
4119
4120
4121
4123
4126
4129
4131
4133
4135
4138
4143
4144
4146
4152
4154
4155
4156
4157
4159
4162
4167
4171
4174
4178
4183
4186
4187
4189
4194
4197
4202
4207
4208
4209
4211
4212
4217
4218
4219
4221
4222
4226
4229
4231
4234
4235
4237
4238
4239
4242
4243
4247
4249
4250
4255
4262
4263
4270
4272
4274
4275
4286
4292
4293
4299
4300
4302
4303
4304
4305
4307
4311
4312
4313
4315
4318
4320
4326
4333
4334
4342
4349
4355
4356
4359
4360
4361
4367
4369
4371
4372
4375
4377
4378
4380
4382
4383
4387
4388
4389
4401
4402
4403
4405
4406
4410
4411
4413
4414
4415
4418
4420
4443
4444
4449
4451
4456
4461
4464
4466
4469
4471
4473
4477
4479
4481
4482
4485
4488
4491
4493
4496
4497
4502
4507
4508
4512
4517
4521
4523
4532
4534
4537
4543
4544
4545
4547
4548
4553
4554
4555
4556
4557
4560
4563
4565
4568
4569
4573
4574
4575
4581
4582
4586
4599
4600
4608
4609
4610
4615
4623
4629
4630
4632
4636
4638
4639
4640
4647
4648
4649
4655
4657
4658
4662
4663
4668
4670
4672
4673
4679
4683
4685
4688
4692
4694
4696
4697
4700
4701
4703
4705
4706
4707
4709
4713
4715
4716
4718
4725
4726
4733
4735
4741
4746
4747
4748
4751
4753
4754
4757
4758
4759
4760
4761
4766
4770
4772
4776
4777
4783
4784
4785
4789
4793
4795
4798
4799
4800
4803
4804
4809
4810
4813
4814
4822
4826
4831
4835
4838
4842
4844
4845
4846
4848
4849
4856
4858
4863
4869
4875
4881
4882
4885
4886
4890
4892
4894
4895
4898
4899
4902
4908
4912
4921
4923
4927
4933
4939
4941
4942
4945
4947
4948
4956
4961
4966
4971
4981
4982
4984
4993
4996
4997
4999
5001
5003
5004
5005
5006
5007
5009
5014
5019
5021
5025
5028
5032
5033
5034
5037
5038
5039
5043
5044
5045
5046
5047
5048
5053
5056
5060
5078
5091
5092
5093
5099
5110
5112
5115
5116
5123
5129
5130
5131
5134
5135
5137
5141
5142
5149
5153
5155
5158
5159
5160
5162
5165
5167
5171
5176
5178
5181
5188
5190
5194
5197
5198
5201
5203
5207
5211
5212
5213
5215
5216
5218
5221
5225
5227
5228
5229
5231
5232
5233
5238
5239
5242
5243
5245
5248
5253
5264
5268
5273
5276
5280
5281
5282
5283
5291
5294
5296
5297
5299
5301
5306
5307
5314
5326
5327
5333
5334
5339
5343
5347
5360
5361
5363
5365
5371
5373
5376
5378
5381
5383
5384
5388
5392
5393
5394
5399
5402
5404
5410
5413
5421
5422
5426
5428
5429
5431
5435
5437
5438
5455
5457
5464
5466
5470
5472
5474
5476
5478
5479
5484
5485
5486
5487
5490
5491
5495
5498
5500
5501
5503
5509
5511
5514
5515
5518
5521
5522
5524
5528
5530
5535
5537
5544
5546
5550
5556
5562
5569
5570
5576
5580
5586
5587
5588
5590
5594
5595
5598
5607
5612
5614
5616
5617
5619
5624
5625
5628
5633
5638
5642
5644
5645
5649
5650
5653
5654
5657
5659
5662
5663
5667
5672
5673
5676
5682
5685
5690
5691
5692
5694
5695
5699
5703
5705
5711
5713
5716
5717
5720
5723
5726
5727
5729
5730
5734
5736
5739
5746
5747
5748
5750
5764
5770
5771
5776
5778
5781
5782
5789
5790
5791
5795
5796
5797
5798
5802
5804
5807
5809
5812
5816
5817
5824
5829
5835
5842
5843
5844
5851
5852
5855
5859
5860
5863
5868
5869
5872
5874
5879
5880
5881
5888
5889
5891
5895
5897
5900
5904
5908
5911
5913
5916
5917
5918
5920
5924
5927
5928
5929
5933
5936
5938
5948
5949
5956
5963
5965
5966
5970
5972
5974
5976
5983
5986
5989
5994
5995
5997
5999
6003
6013
6018
6021
6022
6024
6026
6028
6031
6035
6036
6040
6042
6045
6047
6049
6055
6059
6061
6065
6066
6069
6074
6079
6082
6090
6095
6097
6102
6114
6116
6122
6124
6127
6132
6133
6141
6155
6159
6161
6163
6164
6166
6172
6176
6178
6181
6184
6187
6191
6193
6201
6204
6206
6207
6213
6218
6225
6227
6229
6230
6232
6233
6241
6242
6243
6246
6247
6248
6249
6254
6256
6259
6267
6268
6269
6271
6277
6290
6296
6301
6305
6307
6309
6315
6316
6318
6320
6321
6322
6324
6327
6331
6334
6336
6338
6339
6342
6344
6347
6349
6350
6352
6356
6359
6365
6366
6369
6372
6373
6374
6377
6378
6379
6380
6384
6385
6389
6391
6392
6394
6395
6398
6401
6402
6405
6406
6408
6418
6423
6426
6428
6432
6436
6440
6442
6447
6450
6453
6463
6464
6465
6467
6471
6477
6478
6480
6484
6487
6489
6492
6494
6495
6497
6499
6504
6505
6514
6516
6530
6532
6533
6535
6538
6545
6550
6558
6564
6567
6571
6588
6589
6595
6598
6602
6605
6609
6612
6613
6622
6627
6629
6630
6632
6634
6636
6637
6645
6646
6647
6648
6652
6653
6654
6655
6664
6665
6666
6673
6674
6676
6677
6682
6684
6685
6687
6688
6691
6694
6698
6699
6707
6709
6711
6718
6719
6721
6723
6726
6737
6745
6747
6748
6752
6753
6755
6758
6759
6764
6766
6771
6775
6782
6784
6786
6789
6792
6798
6804
6808
6810
6812
6814
6815
6818
6822
6825
6830
6831
6834
6842
6855
6858
6861
6862
6865
6866
6867
6871
6874
6875
6880
6887
6888
6889
6892
6900
6905
6909
6918
6921
6922
6926
6929
6938
6939
6941
6945
6948
6949
6950
6959
6962
6964
6966
6967
6968
6971
6976
6983
6985
6988
6991
6994
6998
7003
7006
7007
7009
7010
7011
7016
7017
7018
7020
7024
7026
7027
7030
7032
7037
7038
7044
7045
7049
7050
7058
7060
7068
7072
7076
7078
7080
7096
7099
7104
7108
7117
7118
7119
7124
7125
7127
7128
7129
7130
7131
7134
7135
7136
7137
7139
7140
7144
7146
7147
7155
7157
7158
7160
7162
7164
7167
7169
7172
7175
7176
7177
7178
7181
7184
7191
7196
7201
7203
7204
7205
7207
7213
7214
7219
7220
7222
7226
7235
7237
7243
7246
7254
7257
7258
7259
7263
7266
7267
7269
7273
7281
7286
7293
7296
7303
7304
7307
7309
7311
7314
7317
7322
7323
7325
7326
7328
7332
7335
7336
7337
7339
7340
7341
7343
7344
7347
7351
7354
7357
7360
7364
7365
7367
7374
7386
7388
7390
7393
7397
7400
7407
7413
7415
7418
7419
7425
7430
7435
7441
7448
7450
7452
7455
7459
7461
7465
7467
7470
7472
7473
7477
7479
7483
7489
7492
7494
7495
7497
7501
7503
7505
7506
7508
7511
7512
7514
7515
7520
7521
7523
7528
7536
7537
7538
7540
7542
7550
7554
7557
7560
7563
7564
7565
7567
7569
7570
7571
7578
7586
7595
7605
7611
7613
7614
7631
7632
7638
7645
7646
7648
7649
7658
7660
7667
7669
7672
7676
7679
7680
7681
7688
7689
7690
7692
7693
7694
7695
7706
7709
7712
7713
7714
7717
7718
7724
7730
7735
7739
7740
7741
7747
7752
7753
7765
7771
7773
7777
7778
7779
7780
7783
7784
7786
7794
7795
7798
7799
7800
7811
7812
7813
7816
7818
7820
7821
7824
7828
7829
7833
7834
7835
7843
7844
7846
7860
7862
7865
7869
7872
7879
7880
7882
7884
7885
7888
7891
7892
7893
7895
7896
7897
7903
7904
7909
7911
7916
7918
7927
7930
7939
7940
7943
7946
7947
7953
7956
7958
7961
7963
7967
7972
7977
7978
7979
7980
7982
7983
7987
7995
7997
8001
8002
8003
8007
8008
8010
8012
8014
8016
8023
8024
8027
8028
8033
8034
8035
8038
8039
8040
8043
8044
8046
8047
8050
8056
8060
8063
8065
8067
8069
8084
8085
8089
8093
8096
8097
8099
8100
8102
8103
8107
8108
8110
8112
8114
8115
8116
8118
8119
8121
8125
8131
8136
8140
8142
8143
8146
8147
8150
8151
8155
8157
8165
8166
8168
8178
8183
8189
8192
8195
8196
8204
8205
8213
8220
8223
8225
8227
8229
8233
8238
8249
8251
8253
8254
8259
8261
8264
8265
8269
8270
8271
8275
8278
8282
8283
8285
8286
8287
8289
8295
8296
8301
8302
8303
8304
8305
8306
8307
8309
8313
8314
8317
8319
8320
8326
8329
8331
8332
8337
8346
8354
8355
8356
8358
8359
8360
8362
8364
8368
8372
8374
8375
8379
8380
8381
8384
8389
8390
8393
8397
8400
8401
8402
8403
8405
8406
8410
8411
8413
8415
8417
8421
8422
8431
8433
8434
8439
8441
8446
8448
8450
8469
8470
8476
8477
8479
8481
8487
8488
8491
8493
8495
8498
8499
8500
8501
8502
8508
8509
8518
8519
8521
8523
8524
8525
8526
8530
8532
8534
8535
8536
8538
8543
8544
8551
8558
8559
8563
8564
8569
8572
8573
8577
8578
8579
8584
8588
8589
8590
8591
8593
8594
8602
8609
8611
8612
8613
8614
8619
8621
8622
8625
8630
8632
8633
8635
8640
8641
8649
8653
8654
8655
8657
8660
8661
8663
8665
8666
8667
8670
8671
8672
8674
8679
8680
8687
8689
8694
8695
8696
8697
8702
8703
8704
8715
8718
8719
8721
8722
8730
8731
8732
8736
8740
8742
8746
8749
8753
8757
8758
8763
8766
8770
8772
8773
8774
8775
8778
8781
8787
8788
8790
8793
8794
8796
8797
8799
8800
8806
8812
8813
8814
8816
8818
8824
8826
8832
8834
8835
8836
8840
8841
8846
8848
8849
8853
8856
8859
8873
8883
8886
8889
8892
8893
8896
8898
8902
8904
8910
8911
8912
8913
8916
8917
8919
8920
8922
8923
8926
8927
8929
8930
8931
8938
8940
8941
8942
8945
8946
8948
8949
8950
8952
8957
8958
8960
8964
8965
8968
8979
8982
8984
8986
8987
8991
8998
8999
9001
9002
9003
9004
9005
9006
9012
9013
9020
9023
9024
9025
9029
9031
9034
9035
9037
9040
9041
9048
9053
9056
9057
9059
9061
9062
9063
9064
9072
9073
9076
9085
9093
9095
9099
9100
9102
9108
9110
9112
9114
9116
9119
9120
9122
9123
9124
9128
9129
9131
9132
9142
9144
9145
9149
9151
9153
9154
9158
9160
9162
9163
9164
9166
9167
9170
9171
9172
9174
9177
9178
9184
9188
9194
9197
9202
9207
9215
9216
9217
9221
9226
9230
9233
9237
9240
9243
9247
9248
9252
9255
9261
9264
9265
9267
9270
9274
9278
9279
9282
9287
9295
9296
9300
9302
9307
9308
9309
9312
9313
9315
9317
9321
9322
9325
9331
9332
9335
9336
9339
9344
9351
9356
9359
9360
9365
9369
9372
9373
9376
9381
9385
9386
9387
9392
9398
9401
9403
9405
9409
9410
9418
9419
9423
9425
9430
9431
9432
9433
9434
9435
9437
9438
9439
9441
9444
9461
9462
9464
9473
9476
9480
9483
9486
9489
9496
9497
9498
9499
9500
9503
9506
9507
9508
9509
9510
9516
9521
9525
9527
9529
9532
9535
9542
9543
9545
9546
9553
9556
9558
9560
9565
9568
9572
9573
9574
9576
9577
9578
9579
9580
9582
9588
9589
9605
9608
9612
9613
9622
9627
9629
9635
9636
9637
9638
9639
9642
9643
9646
9652
9653
9655
9659
9662
9669
9671
9672
9673
9679
9685
9686
9687
9688
9691
9697
9702
9706
9707
9709
9712
9719
9720
9727
9730
9731
9734
9736
9737
9739
9741
9745
9750
9753
9754
9760
9762
9763
9766
9771
9783
9784
9786
9789
9793
9797
9799
9800
9811
9813
9818
9824
9829
9837
9841
9844
9848
9850
9853
9854
9855
9857
9859
9860
9866
9871
9880
9883
9887
9889
9891
9893
9894
9896
9901
9902
9908
9916
9920
9921
9923
9926
9927
9929
9933
9940
9941
9945
9947
9949
9953
9956
9957
9960
9968
9969
9972
9974
9979
9981
9984
9989
9990
9997
10000
10001
10005
10007
10021
10022
10025
10026
10027
10029
10030
10031
10035
10037
10044
10045
10047
10049
10056
10061
10067
10070
10071
10075
10076
10081
10083
10086
10095
10096
10099
10101
10103
10106
10108
10110
10112
10114
10115
10117
10119
10121
10122
10124
10125
10129
10140
10145
10146
10148
10152
10154
10158
10160
10164
10165
10172
10179
10181
10183
10184
10188
10191
10192
10193
10196
10198
10199
10203
10209
10213
10214
10218
10223
10225
10227
10229
10230
10233
10237
10242
10245
10246
10252
10257
10263
10264
10265
10273
10274
10275
10280
10283
10292
10297
10302
10303
10304
10305
10306
10308
10315
10317
10320
10321
10323
10324
10326
10331
10332
10337
10339
10340
10341
10342
10343
10345
10349
10350
10353
10358
10360
10361
10362
10364
10366
10367
10368
10369
10377
10383
10384
10385
10388
10392
10394
10395
10396
10397
10399
10400
10401
10408
10409
10410
10420
10422
10423
10426
10427
10428
10432
10440
10441
10443
10447
10448
10449
10450
10451
10454
10457
10458
10459
10461
10465
10468
10470
10472
10473
10477
10479
10480
10481
10483
10487
10493
10494
10495
10497
10500
10505
10509
10512
10513
10529
10533
10534
10537
10538
10542
10544
10551
10554
10557
10559
10567
10569
10572
10574
10584
10585
10590
10594
10603
10609
10610
10617
10622
10623
10624
10632
10633
10635
10636
10637
10639
10640
10641
10644
10653
10657
10659
10660
10667
10669
10670
10672
10673
10682
10687
10688
10692
10697
10701
10703
10709
10712
10717
10725
10726
10728
10733
10734
10740
10741
10744
10747
10752
10757
10759
10762
10763
10764
10769
10771
10773
10774
10785
10786
10790
10792
10794
10797
10798
10800
10801
10802
10803
10804
10806
10817
10818
10821
10825
10827
10833
10834
10839
10841
10844
10846
10849
10850
10853
10857
10858
10859
10861
10862
10876
10877
10880
10881
10887
10889
10894
10896
10899
10900
10903
10904
10906
10908
10909
10914
10917
10918
10919
10920
10922
10923
10924
10925
10928
10934
10937
10938
10939
10942
10943
10945
10949
10950
10953
10954
10955
10958
10960
10963
10966
10967
10969
10973
10977
10980
10982
10983
10988
10990
10991
10994
10995
10996
10998
11000
11007
11008
11011
11012
11015
11017
11018
11019
11028
11029
11033
11036
11039
11041
11042
11044
11045
11050
11055
11056
11060
11062
11064
11069
11070
11072
11085
11088
11089
11094
11096
11098
11100
11101
11102
11104
11105
11110
11115
11116
11121
11122
11126
11130
11131
11134
11137
11139
11149
11150
11157
11158
11159
11160
11165
11166
11169
11172
11174
11178
11181
11182
11184
11185
11187
11188
11189
11191
11194
11197
11198
11213
11214
11220
11225
11226
11227
11228
11235
11237
11243
11244
11247
11248
11249
11252
11253
11256
11258
11259
11261
11263
11269
11270
11271
11274
11275
11276
11278
11283
11287
11295
11296
11297
11301
11304
11305
11306
11308
11315
11317
11319
11323
11326
11327
11328
11329
11330
11331
11333
11334
11335
11338
11341
11342
11346
11347
11348
11349
11351
11356
11357
11358
11360
11371
11373
11377
11384
11392
11395
11399
11400
11404
11412
11414
11419
11421
11422
11423
11426
11429
11431
11436
11437
11440
11443
11444
11445
11446
11449
11450
11452
11453
11455
11457
11464
11465
11484
11490
11495
11504
11514
11516
11517
11518
11520
11521
11525
11526
11527
11529
11531
11534
11539
11543
11546
11550
11554
11556
11557
11558
11559
11566
11567
11568
11573
11577
11578
11581
11582
11586
11587
11589
11597
11600
11604
11607
11610
11612
11614
11615
11617
11618
11619
11623
11625
11628
11632
11635
11636
11637
11639
11646
11650
11655
11656
11657
11658
11662
11663
11664
11668
11669
11670
11673
11674
11676
11677
11679
11680
11685
11687
11688
11690
11694
11697
11699
11700
11702
11704
11708
11711
11717
11720
11723
11724
11727
11729
11736
11740
11743
11748
11749
11753
11754
11755
11757
11759
11760
11761
11763
11767
11769
11771
11774
11776
11780
11781
11782
11787
11788
11799
11800
11801
11802
11805
11808
11812
11813
11814
11815
11816
11817
11821
11827
11836
11837
11841
11845
11846
11847
11850
11851
11852
11854
11855
11856
11858
11861
11864
11865
11866
11868
11869
11870
11871
11874
11875
11876
11880
11889
11897
11906
11909
11912
11913
11916
11917
11920
11922
11927
11934
11936
11938
11942
11946
11948
11950
11951
11953
11954
11955
11957
11968
11971
11976
11983
11984
11986
11992
11995
12000
12001
12006
12008
12013
12015
12019
12020
12024
12027
12029
12031
12033
12034
12038
12039
12040
12046
12047
12049
12051
12052
12054
12055
12056
12057
12059
12063
12064
12069
12070
12077
12080
12085
12091
12093
12098
12099
12102
12104
12105
12109
12113
12116
12119
12120
12122
12123
12126
12132
12135
12137
12142
12146
12149
12150
12152
12154
12158
12159
12162
12164
12165
12167
12174
12178
12183
12184
12186
12187
12190
12196
12203
12207
12212
12213
12217
12218
12220
12221
12226
12227
12228
12232
12233
12238
12242
12245
12246
12247
12249
12253
12255
12256
12257
12259
12260
12264
12267
12268
12271
12273
12275
12276
12278
12279
12282
12288
12289
12291
12293
12296
12297
12298
12302
12303
12305
12311
12317
12320
12323
12325
12328
12330
12331
12335
12339
12341
12342
12343
12346
12348
12350
12351
12352
12357
12358
12361
12362
12363
12364
12366
12372
12373
12377
12383
12389
12395
12396
12397
12400
12402
12404
12407
12408
12411
12413
12415
12416
12418
12420
12421
12422
12424
12425
12433
12434
12435
12438
12444
12445
12448
12450
12453
12457
12464
12468
12469
12470
12471
12472
12474
12475
12482
12485
12486
12490
12492
12493
12497
12498
12500
12504
12505
12506
12513
12514
12517
12519
12527
12529
12533
12534
12538
12548
12552
12557
12559
12560
12566
12571
12578
12581
12583
12585
12588
12589
12593
12598
12600
12603
12604
12612
12613
12615
12617
12621
12622
12624
12627
12628
12629
12635
12639
12645
12647
12648
12651
12653
12654
12655
12661
12663
12665
12666
12667
12670
12672
12679
12681
12684
12685
12688
12689
12697
12698
12699
12702
12704
12705
12718
12721
12727
12728
12731
12732
12733
12734
12735
12736
12739
12740
12742
12744
12746
12748
12756
12761
12765
12766
12767
12769
12771
12774
12776
12780
12783
12784
12789
12790
12797
12798
12800
12802
12804
12807
12810
12813
12814
12815
12817
12818
12819
12821
12823
12826
12827
12828
12831
12835
12837
12842
12844
12848
12853
12860
12862
12863
12864
12867
12868
12870
12875
12877
12883
12886
12888
12889
12891
12894
12895
12897
12898
12899
12908
12910
12916
12919
12921
12924
12928
12930
12938
12941
12942
12947
12948
12951
12953
12955
12958
12961
12968
12973
12975
12977
12979
12981
12986
12987
12988
12989
12990
12995
12997
12999
13000
13001
13005
13006
13008
13014
13015
13021
13022
13026
13027
13031
13033
13035
13036
13041
13042
13043
13044
13046
13050
13052
13053
13058
13061
13062
13065
13067
13070
13072
13073
13089
13091
13096
13100
13104
13108
13109
13110
13116
13119
13121
13127
13138
13144
13146
13149
13151
13153
13155
13157
13158
13161
13167
13176
13178
13181
13188
13189
13192
13193
13194
13196
13209
13211
13213
13225
13226
13234
13238
13241
13248
13249
13250
13255
13272
13273
13275
13284
13290
13293
13297
13299
13307
13310
13315
13316
13320
13321
13322
13326
13327
13329
13336
13338
13339
13340
13342
13347
13351
13352
13360
13365
13368
13369
13371
13379
13380
13387
13389
13393
13394
13401
13405
13413
13415
13416
13417
13418
13420
13421
13423
13425
13430
13431
13432
13441
13443
13445
13451
13452
13462
13465
13467
13468
13469
13470
13473
13476
13478
13480
13485
13488
13492
13501
13502
13503
13504
13513
13516
13522
13523
13526
13530
13532
13533
13535
13539
13540
13544
13550
13552
13553
13557
13565
13572
13573
13575
13577
13579
13580
13585
13589
13597
13598
13601
13609
13612
13614
13618
13622
13627
13632
13635
13639
13640
13646
13647
13655
13658
13659
13660
13664
13668
13670
13672
13673
13675
13678
13679
13682
13683
13685
13687
13693
13695
13696
13697
13698
13699
13701
13702
13706
13707
13709
13715
13717
13719
13721
13722
13724
13730
13741
13742
13743
13745
13749
13751
13752
13753
13754
13756
13758
13759
13760
13761
13762
13765
13766
13768
13769
13772
13776
13780
13783
13785
13787
13790
13792
13795
13796
13802
13803
13804
13806
13808
13810
13811
13813
13816
13823
13827
13828
13831
13832
13835
13837
13843
13847
13851
13854
13855
13856
13857
13859
13860
13861
13862
13863
13866
13869
13871
13872
13873
13877
13881
13883
13886
13895
13898
13903
13906
13911
13915
13917
13920
13923
13924
13929
13934
13935
13939
13942
13943
13945
13946
13949
13959
13965
13968
13970
13972
13973
13976
13977
13978
13982
13987
13989
13993
13994
13995
14004
14006
14007
14009
14011
14015
14017
14020
14022
14025
14026
14028
14029
14035
14038
14043
14044
14047
14048
14053
14057
14059
14061
14063
14066
14069
14070
14072
14076
14083
14085
14087
14088
14090
14097
14098
14102
14103
14108
14116
14117
14118
14120
14121
14122
14126
14131
14135
14141
14142
14143
14147
14150
14152
14153
14155
14156
14157
14159
14161
14164
14166
14167
14168
14169
14178
14181
14189
14190
14191
14192
14193
14196
14198
14201
14204
14208
14209
14212
14214
14215
14217
14219
14220
14221
14222
14224
14227
14229
14231
14232
14236
14237
14242
14244
14246
14247
14250
14252
14257
14260
14275
14277
14280
14284
14291
14293
14295
14297
14298
14299
14307
14310
14314
14315
14317
14319
14322
14325
14328
14331
14335
14336
14339
14341
14355
14357
14358
14363
14364
14371
14373
14378
14382
14383
14388
14389
14391
14394
14396
14397
14409
14410
14411
14415
14419
14421
14423
14426
14430
14440
14442
14448
14452
14455
14457
14464
14466
14467
14469
14471
14472
14474
14478
14481
14483
14484
14491
14492
14495
14501
14502
14504
14505
14516
14517
14518
14519
14520
14524
14527
14529
14531
14532
14533
14542
14546
14547
14553
14554
14563
14567
14571
14572
14573
14574
14575
14577
14579
14582
14584
14586
14590
14595
14596
14598
14603
14606
14607
14614
14615
14617
14618
14622
14623
14625
14628
14629
14632
14633
14634
14635
14636
14637
14639
14643
14645
14647
14648
14650
14651
14652
14655
14657
14660
14661
14663
14665
14666
14667
14669
14670
14673
14678
14681
14682
14683
14684
14685
14686
14691
14694
14701
14702
14704
14705
14708
14709
14711
14712
14716
14719
14721
14724
14734
14737
14738
14740
14741
14744
14746
14747
14748
14751
14752
14755
14765
14768
14769
14770
14775
14776
14777
14782
14786
14788
14793
14795
14796
14800
14806
14817
14819
14821
14823
14825
14829
14835
14837
14838
14839
14840
14842
14846
14847
14851
14852
14853
14854
14858
14864
14868
14875
14883
14884
14887
14890
14891
14894
14899
14903
14904
14906
14908
14916
14920
14924
14936
14938
14941
14947
14950
14953
14960
14964
14965
14966
14967
14970
14971
14972
14973
14974
14979
14985
14987
14989
14990
14991
14995
14996
15006
15007
15010
15013
15016
15017
15024
15029
15030
15034
15040
15041
15042
15046
15048
15050
15052
15054
15055
15056
15059
15061
15062
15063
15073
15076
15078
15079
15089
15091
15092
15093
15094
15095
15099
15103
15107
15108
15112
15116
15118
15120
15121
15125
15127
15128
15129
15130
15132
15134
15135
15138
15148
15149
15150
15152
15158
15159
15161
15169
15172
15174
15177
15179
15182
15185
15192
15193
15197
15201
15203
15208
15210
15215
15217
15223
15230
15231
15237
15242
15243
15244
15247
15248
15253
15258
15262
15265
15269
15271
15273
15275
15281
15282
15284
15288
15294
15295
15298
15304
15307
15311
15312
15313
15315
15317
15319
15321
15326
15327
15328
15333
15334
15335
15338
15340
15343
15345
15346
15354
15355
15357
15358
15362
15363
15369
15376
15377
15379
15380
15382
15389
15393
15394
15398
15403
15406
15409
15411
15413
15415
15416
15417
15420
15421
15423
15429
15430
15432
15434
15436
15437
15438
15439
15448
15450
15458
15459
15461
15463
15466
15468
15469
15471
15483
15486
15487
15491
15494
15502
15503
15506
15507
15508
15509
15511
15515
15516
15518
15526
15534
15536
15541
15542
15544
15547
15550
15551
15552
15554
15557
15558
15559
15564
15565
15572
15573
15574
15575
15578
15579
15580
15583
15585
15586
15589
15593
15595
15596
15598
15599
15600
15603
15608
15610
15613
15618
15620
15621
15622
15623
15624
15628
15631
15632
15633
15636
15638
15639
15641
15642
15644
15645
15651
15656
15657
15658
15660
15661
15663
15667
15668
15672
15676
15678
15685
15689
15691
15693
15698
15700
15701
15702
15706
15707
15708
15710
15715
15717
15718
15722
15723
15725
15732
15733
15736
15737
15738
15741
15743
15747
15749
15751
15752
15756
15759
15761
15763
15764
15768
15769
15771
15772
15773
15774
15775
15776
15777
15778
15779
15782
15783
15786
15792
15793
15794
15795
15797
15799
15800
15801
15802
15803
15805
15807
15809
15818
15823
15824
15825
15826
15827
15831
15834
15836
15839
15842
15844
15845
15847
15849
15850
15851
15853
15855
15862
15864
15868
15869
15870
15871
15873
15875
15879
15883
15886
15896
15898
15899
15905
15907
15910
15911
15912
15916
15917
15921
15926
15927
15928
15931
15932
15933
15934
15935
15937
15938
15939
15940
15943
15945
15948
15949
15957
15958
15960
15965
15966
15975
15982
15986
15989
15990
15994
15995
15996
15997
16000
16002
16011
16020
16021
16023
16028
16030
16032
16034
16038
16041
16043
16044
16045
16054
16056
16062
16068
16069
16072
16073
16074
16075
16084
16088
16090
16094
16098
16101
16104
16108
16109
16110
16111
16117
16118
16121
16131
16136
16138
16140
16142
16146
16147
16149
16151
16155
16156
16157
16158
16160
16163
16165
16170
16173
16174
16177
16180
16181
16186
16188
16192
16194
16198
16201
16203
16204
16205
16207
16212
16214
16216
16219
16221
16222
16225
16227
16229
16230
16232
16233
16236
16245
16247
16250
16252
16254
16258
16260
16263
16264
16268
16276
16277
16278
16280
16282
16283
16288
16289
16290
16291
16293
16294
16303
16304
16305
16309
16311
16312
16313
16315
16316
16317
16320
16321
16324
16326
16329
16330
16331
16332
16333
16334
16338
16342
16354
16355
16356
16358
16360
16363
16367
16372
16376
16378
16379
16393
16395
16396
16399
16400
16401
16403
16405
16407
16410
16411
16414
16415
16418
16424
16425
16432
16435
16436
16439
16443
16447
16450
16453
16457
16458
16459
16460
16461
16465
16466
16472
16474
16477
16481
16487
16488
16489
16494
16501
16503
16505
16510
16514
16516
16520
16522
16524
16526
16528
16535
16538
16539
16548
16549
16550
16554
16556
16559
16567
16568
16571
16572
16577
16578
16580
16583
16586
16590
16591
16594
16598
16601
16602
16603
16605
16606
16607
16609
16610
16611
16615
16616
16618
16619
16625
16627
16628
16631
16633
16647
16648
16649
16658
16659
16660
16662
16663
16665
16666
16667
16671
16673
16679
16680
16685
16688
16693
16696
16704
16705
16707
16709
16710
16711
16712
16713
16715
16717
16720
16723
16733
16735
16737
16741
16742
16744
16750
16752
16759
16764
16767
16768
16771
16775
16779
16780
16781
16782
16783
16784
16785
16787
16788
16790
16791
16792
16796
16797
16801
16802
16804
16806
16810
16813
16821
16825
16827
16836
16837
16838
16839
16843
16844
16845
16846
16847
16848
16849
16850
16853
16854
16856
16858
16860
16861
16863
16865
16867
16870
16871
16881
16884
16888
16889
16890
16893
16895
16900
16908
16913
16921
16929
16931
16934
16939
16946
16951
16960
16963
16965
16966
16967
16977
16978
16984
16986
16990
16994
16995
16997
16998
17001
17002
17005
17006
17008
17009
17010
17014
17017
17018
17022
17023
17025
17027
17030
17033
17035
17036
17037
17039
17044
17047
17048
17051
17055
17057
17059
17060
17063
17069
17071
17073
17074
17076
17078
17080
17083
17086
17090
17092
17093
17095
17097
17099
17102
17103
17113
17128
17131
17132
17134
17138
17140
17145
17148
17149
17155
17156
17165
17168
17169
17170
17171
17175
17183
17184
17189
17191
17194
17197
17199
17201
17209
17214
17215
17219
17222
17223
17224
17225
17228
17229
17233
17234
17243
17245
17248
17250
17251
17253
17255
17258
17264
17265
17266
17273
17277
17284
17290
17291
17299
17300
17303
17306
17308
17310
17312
17314
17315
17317
17320
17326
17330
17331
17335
17339
17340
17347
17349
17351
17353
17354
17355
17360
17361
17364
17366
17368
17370
17371
17372
17374
17376
17382
17384
17385
17388
17389
17391
17402
17403
17404
17408
17417
17418
17419
17421
17422
17429
17436
17439
17445
17446
17448
17449
17450
17453
17455
17462
17466
17468
17471
17474
17478
17486
17487
17488
17489
17490
17491
17492
17493
17495
17496
17505
17509
17512
17513
17514
17519
17520
17521
17522
17524
17527
17528
17530
17531
17532
17533
17535
17540
17543
17546
17548
17552
17553
17556
17557
17558
17560
17561
17563
17566
17567
17568
17571
17573
17577
17582
17585
17590
17591
17593
17597
17598
17599
17604
17607
17614
17619
17622
17625
17627
17631
17635
17640
17641
17645
17647
17649
17650
17654
17655
17656
17660
17663
17665
17668
17673
17674
17676
17687
17688
17689
17692
17695
17697
17699
17700
17701
17704
17707
17712
17713
17716
17718
17720
17723
17725
17735
17740
17743
17744
17750
17752
17753
17757
17759
17761
17765
17769
17776
17781
17784
17785
17787
17788
17791
17794
17797
17799
17800
17803
17804
17815
17816
17821
17825
17826
17829
17830
17831
17834
17836
17838
17841
17847
17848
17849
17851
17853
17854
17856
17857
17861
17865
17866
17869
17875
17876
17877
17889
17892
17894
17898
17904
17905
17908
17912
17913
17918
17919
17921
17922
17924
17925
17928
17929
17931
17932
17934
17941
17944
17947
17956
17957
17959
17961
17962
17969
17971
17973
17988
17992
17994
17996
17997
17998
17999
18001
18002
18003
18010
18016
18019
18020
18022
18023
18025
18029
18031
18035
18037
18039
18040
18043
18044
18049
18051
18057
18058
18060
18066
18067
18070
18072
18076
18079
18080
18082
18084
18089
18094
18096
18098
18099
18104
18108
18110
18111
18112
18113
18115
18117
18119
18121
18124
18127
18132
18134
18138
18139
18141
18144
18146
18149
18150
18155
18157
18158
18159
18173
18174
18179
18182
18183
18186
18187
18189
18191
18196
18199
18201
18204
18208
18209
18210
18214
18216
18217
18219
18220
18224
18226
18227
18228
18229
18230
18235
18242
18246
18249
18250
18251
18252
18258
18260
18264
18268
18271
18272
18273
18274
18277
18279
18287
18289
18293
18295
18302
18303
18304
18305
18311
18312
18313
18317
18318
18323
18325
18326
18327
18330
18331
18332
18333
18334
18336
18337
18338
18342
18343
18344
18346
18348
18349
18350
18352
18358
18361
18364
18366
18367
18369
18370
18371
18373
18374
18375
18376
18377
18378
18379
18382
18384
18394
18396
18399
18403
18407
18408
18409
18411
18412
18413
18416
18421
18422
18423
18424
18433
18440
18441
18442
18444
18448
18453
18455
18456
18458
18464
18465
18466
18467
18471
18472
18473
18475
18476
18477
18481
18485
18488
18491
18492
18493
18497
18500
18504
18505
18512
18514
18517
18520
18521
18525
18528
18531
18536
18541
18543
18544
18545
18548
18553
18557
18561
18563
18567
18570
18572
18574
18576
18581
18583
18588
18590
18591
18600
18605
18609
18611
18615
18617
18618
18619
18622
18626
18627
18629
18635
18640
18644
18645
18646
18648
18650
18654
18658
18661
18662
18663
18666
18667
18668
18669
18670
18679
18680
18681
18683
18684
18685
18688
18690
18692
18694
18697
18699
18700
18708
18709
18711
18713
18714
18719
18720
18728
18730
18732
18737
18738
18740
18741
18743
18747
18749
18750
18755
18760
18761
18763
18765
18770
18772
18773
18774
18775
18777
18778
18780
18782
18788
18793
18795
18797
18799
18802
18803
18804
18809
18810
18815
18816
18819
18825
18828
18839
18841
18842
18845
18846
18847
18848
18849
18851
18852
18853
18859
18861
18865
18868
18872
18873
18877
18878
18881
18882
18891
18892
18894
18897
18901
18902
18907
18910
18911
18919
18920
18922
18925
18927
18929
18931
18932
18933
18934
18935
18936
18939
18940
18941
18943
18944
18947
18948
18951
18955
18956
18958
18959
18960
18961
18962
18965
18966
18971
18973
18977
18978
18979
18980
18983
18984
18985
18987
18991
18993
18995
18997
18999
19000
19001
19003
19007
19010
19012
19023
19025
19027
19030
19031
19032
19033
19035
19036
19037
19042
19043
19051
19052
19053
19054
19055
19056
19060
19064
19067
19068
19070
19071
19074
19076
19078
19080
19082
19088
19092
19095
19101
19105
19109
19111
19112
19113
19114
19119
19124
19128
19131
19134
19141
19145
19149
19154
19155
19157
19160
19161
19162
19164
19167
19171
19176
19179
19180
19184
19185
19186
19188
19195
19197
19198
19204
19206
19214
19215
19217
19219
19221
19226
19227
19232
19234
19236
19238
19241
19244
19249
19252
19254
19255
19257
19258
19259
19260
19262
19268
19270
19272
19275
19280
19281
19282
19283
19284
19285
19289
19290
19292
19296
19303
19310
19311
19312
19316
19323
19324
19326
19328
19330
19331
19332
19333
19334
19339
19340
19341
19342
19343
19344
19346
19347
19354
19360
19361
19365
19370
19372
19373
19378
19379
19381
19382
19387
19389
19390
19393
19394
19395
19397
19399
19400
19402
19403
19405
19407
19409
19410
19411
19413
19414
19415
19416
19417
19419
19421
19428
19429
19430
19433
19438
19441
19443
19445
19448
19455
19460
19462
19464
19466
19467
19470
19474
19476
19478
19479
19480
19481
19483
19486
19491
19496
19497
19500
19502
19504
19506
19509
19511
19512
19515
19517
19518
19520
19521
19525
19526
19527
19529
19530
19533
19534
19537
19538
19539
19540
19553
19554
19556
19559
19560
19562
19563
19566
19567
19572
19582
19584
19586
19588
19591
19593
19600
19601
19603
19604
19606
19614
19615
19617
19619
19620
19621
19622
19623
19624
19625
19627
19628
19636
19637
19638
19639
19641
19642
19643
19644
19646
19647
19648
19659
19661
19665
19667
19668
19670
19673
19675
19676
19682
19683
19685
19688
19689
19692
19695
19696
19697
19700
19702
19703
19706
19708
19710
19711
19716
19718
19721
19722
19728
19729
19732
19734
19736
19746
19756
19761
19763
19764
19765
19768
19772
19774
19776
19781
19783
19786
19790
19792
19793
19796
19797
19800
19805
19809
19811
19817
19821
19823
19825
19826
19828
19831
19832
19833
19837
19839
19840
19843
19848
19851
19854
19855
19856
19858
19861
19868
19871
19876
19877
19879
19886
19890
19894
19897
19901
19902
19904
19907
19911
19915
19917
19920
19922
19923
19928
19933
19935
19936
19937
19945
19948
19950
19952
19957
19958
19966
19971
19973
19976
19978
19979
19983
19986
19991
19993
19994
19996
20000
20012
20015
20016
20023
20030
20031
20035
20038
20041
20042
20047
20050
20051
20052
20053
20055
20061
20062
20063
20065
20069
20074
20077
20081
20084
20085
20088
20092
20095
20097
20100
20101
20103
20105
20107
20110
20112
20114
20115
20116
20119
20122
20123
20124
20127
20128
20135
20140
20141
20144
20147
20151
20155
20157
20164
20171
20172
20173
20174
20175
20178
20180
20182
20183
20188
20190
20196
20206
20208
20210
20214
20219
20221
20222
20228
20232
20234
20238
20240
20242
20244
20245
20247
20248
20250
20257
20260
20262
20264
20265
20267
20269
20277
20284
20289
20291
20298
20299
20305
20306
20309
20311
20312
20313
20316
20319
20322
20326
20328
20332
20336
20343
20345
20347
20350
20351
20353
20365
20369
20372
20373
20374
20375
20378
20381
20384
20385
20387
20388
20393
20394
20397
20399
20400
20401
20403
20405
20418
20420
20423
20425
20426
20429
20432
20435
20436
20437
20439
20440
20441
20442
20443
20444
20446
20448
20449
20453
20454
20462
20463
20464
20470
20474
20475
20477
20479
20485
20491
20495
20499
20506
20508
20510
20511
20512
20513
20515
20516
20520
20526
20527
20530
20535
20536
20538
20539
20541
20543
20544
20549
20550
20551
20556
20559
20560
20562
20564
20565
20567
20568
20573
20577
20581
20583
20587
20597
20600
20604
20607
20608
20609
20610
20613
20614
20617
20619
20622
20623
20624
20627
20630
20632
20634
20635
20637
20643
20645
20646
20648
20649
20653
20654
20661
20662
20663
20667
20668
20669
20672
20673
20674
20676
20679
20682
20688
20694
20697
20698
20700
20701
20704
20705
20711
20713
20715
20722
20725
20727
20728
20729
20730
20736
20739
20742
20746
20750
20751
20752
20754
20763
20764
20766
20767
20773
20776
20778
20779
20782
20785
20787
20791
20793
20800
20803
20804
20806
20807
20810
20812
20813
20815
20819
20820
20822
20825
20829
20831
20834
20835
20838
20839
20840
20845
20847
20851
20852
20853
20854
20856
20859
20861
20862
20864
20865
20878
20880
20882
20886
20887
20890
20893
20895
20899
20905
20915
20919
20926
20931
20932
20935
20936
20937
20938
20939
20941
20942
20945
20947
20948
20951
20952
20953
20955
20956
20957
20962
20966
20969
20970
20974
20977
20979
20981
20988
20995
20996
21000
21004
21007
21009
21011
21013
21020
21022
21023
21026
21036
21040
21041
21042
21048
21049
21050
21053
21056
21057
21058
21061
21066
21068
21071
21079
21080
21086
21090
21092
21095
21099
21101
21102
21104
21106
21113
21114
21117
21119
21123
21124
21127
21129
21132
21135
21140
21144
21147
21149
21152
21163
21164
21166
21168
21171
21173
21174
21181
21184
21187
21188
21190
21194
21195
21196
21200
21201
21202
21203
21206
21216
21218
21219
21223
21224
21225
21226
21228
21233
21240
21244
21245
21247
21248
21251
21252
21263
21264
21269
21272
21277
21279
21284
21288
21291
21294
21295
21302
21306
21308
21310
21312
21313
21316
21317
21323
21324
21328
21334
21335
21339
21340
21342
21343
21345
21348
21350
21352
21358
21361
21366
21368
21371
21379
21384
21391
21395
21399
21400
21401
21402
21403
21406
21411
21417
21421
21424
21427
21428
21429
21434
21435
21436
21438
21445
21448
21451
21454
21461
21466
21470
21471
21478
21479
21480
21485
21492
21493
21494
21503
21504
21507
21511
21512
21513
21517
21518
21526
21527
21536
21540
21546
21547
21550
21552
21557
21563
21564
21565
21567
21571
21573
21575
21578
21582
21584
21596
21597
21601
21602
21604
21607
21609
21610
21612
21614
21616
21618
21623
21626
21629
21634
21636
21640
21644
21646
21647
21650
21654
21657
21661
21668
21670
21672
21675
21678
21682
21684
21687
21690
21695
21697
21706
21707
21710
21714
21715
21721
21724
21725
21731
21732
21735
21738
21744
21745
21751
21752
21756
21758
21759
21761
21762
21763
21768
21770
21771
21780
21781
21782
21784
21793
21794
21795
21797
21799
21801
21802
21804
21805
21807
21810
21812
21813
21814
21815
21820
21822
21824
21834
21835
21840
21846
21847
21850
21852
21854
21856
21862
21863
21865
21866
21871
21874
21887
21888
21896
21898
21900
21908
21911
21913
21915
21918
21921
21924
21928
21932
21933
21937
21938
21939
21940
21941
21943
21947
21949
21956
21957
21959
21964
21965
21966
21967
21974
21976
21979
21980
21982
21993
21998
21999
22006
22015
22017
22018
22019
22020
22025
22026
22028
22029
22032
22036
22037
22039
22041
22045
22047
22048
22049
22050
22052
22054
22057
22059
22063
22064
22067
22068
22070
22075
22076
22080
22083
22084
22087
22091
22092
22094
22095
22096
22097
22101
22109
22110
22112
22114
22122
22124
22126
22135
22141
22142
22145
22148
22149
22150
22154
22155
22158
22160
22163
22167
22169
22173
22175
22177
22179
22180
22185
22187
22188
22191
22192
22195
22199
22201
22212
22217
22218
22220
22223
22231
22232
22235
22236
22237
22238
22239
22240
22243
22246
22247
22249
22250
22253
22254
22256
22258
22265
22268
22272
22274
22276
22278
22280
22284
22286
22290
22296
22307
22311
22314
22316
22318
22320
22324
22327
22330
22332
22338
22339
22341
22342
22343
22344
22349
22358
22360
22361
22362
22364
22365
22372
22373
22375
22382
22385
22386
22390
22392
22394
22396
22404
22406
22410
22411
22414
22419
22420
22422
22428
22429
22433
22434
22439
22440
22441
22442
22445
22450
22455
22457
22458
22461
22462
22466
22469
22470
22472
22473
22476
22477
22484
22485
22489
22496
22497
22498
22500
22501
22503
22506
22508
22509
22516
22517
22524
22525
22529
22530
22533
22534
22535
22536
22537
22539
22540
22543
22545
22551
22552
22553
22554
22555
22556
22560
22562
22566
22567
22568
22570
22572
22575
22576
22578
22580
22581
22586
22587
22588
22590
22596
22604
22607
22608
22611
22612
22614
22615
22616
22618
22624
22628
22633
22635
22638
22639
22642
22644
22649
22650
22652
22656
22657
22658
22659
22666
22667
22672
22678
22680
22682
22683
22684
22687
22690
22691
22692
22695
22697
22699
22701
22705
22707
22709
22712
22713
22716
22722
22723
22726
22730
22733
22735
22738
22740
22742
22743
22744
22746
22748
22755
22761
22762
22768
22774
22780
22783
22787
22788
22789
22790
22793
22799
22800
22802
22806
22808
22809
22812
22814
22816
22817
22827
22829
22830
22833
22837
22843
22844
22848
22849
22851
22852
22853
22855
22858
22860
22866
22867
22869
22872
22877
22879
22888
22889
22891
22898
22901
22903
22904
22905
22908
22910
22913
22915
22916
22918
22921
22924
22925
22927
22928
22930
22932
22935
22936
22941
22944
22945
22946
22951
22956
22957
22958
22961
22962
22967
22970
22971
22976
22977
22978
22979
22981
22984
22988
22989
22991
22994
22997
23000
23003
23005
23006
23008
23010
23011
23013
23016
23018
23019
23021
23022
23024
23025
23026
23027
23028
23029
23030
23032
23033
23034
23035
23037
23038
23039
23042
23043
23045
23048
23049
23057
23060
23061
23066
23067
23069
23071
23073
23075
23076
23080
23081
23084
23086
23094
23103
23104
23105
23106
23107
23108
23113
23114
23119
23122
23123
23127
23128
23131
23132
23133
23135
23138
23139
23140
23148
23151
23153
23154
23155
23156
23157
23158
23159
23161
23164
23169
23170
23171
23173
23174
23175
23176
23178
23179
23181
23184
23187
23188
23190
23191
23197
23198
23199
23202
23203
23208
23209
23210
23219
23221
23224
23228
23230
23231
23232
23233
23234
23235
23240
23244
23246
23247
23253
23254
23256
23257
23258
23259
23260
23261
23271
23274
23277
23282
23283
23284
23286
23287
23289
23290
23292
23293
23295
23300
23304
23308
23315
23316
23317
23319
23320
23321
23323
23324
23325
23326
23329
23332
23335
23338
23342
23344
23348
23350
23353
23354
23355
23360
23364
23365
23369
23375
23376
23383
23384
23385
23386
23387
23391
23393
23394
23396
23398
23399
23403
23404
23405
23406
23407
23409
23411
23412
23416
23419
23421
23424
23432
23439
23442
23443
23444
23446
23447
23448
23452
23453
23456
23458
23461
23465
23466
23468
23470
23471
23479
23480
23483
23484
23485
23486
23487
23490
23493
23495
23496
23498
23502
23503
23505
23506
23507
23508
23509
23511
23514
23516
23520
23521
23523
23524
23525
23527
23529
23531
23536
23537
23540
23542
23544
23552
23554
23556
23557
23558
23565
23570
23574
23577
23581
23583
23584
23585
23586
23587
23588
23590
23595
23597
23598
23602
23604
23605
23606
23607
23609
23612
23616
23618
23619
23620
23628
23632
23634
23635
23636
23637
23639
23645
23647
23649
23650
23651
23654
23655
23657
23658
23659
23661
23662
23664
23665
23667
23669
23672
23673
23677
23678
23679
23685
23686
23689
23690
23692
23694
23695
23696
23697
23700
23701
23702
23703
23708
23712
23714
23718
23724
23726
23734
23737
23740
23741
23743
23744
23745
23747
23749
23751
23754
23755
23757
23758
23760
23761
23767
23768
23769
23775
23778
23781
23783
23785
23786
23788
23789
23791
23798
23799
23803
23806
23808
23814
23817
23820
23821
23822
23824
23829
23832
23833
23837
23839
23843
23844
23845
23849
23851
23853
23854
23855
23859
23861
23865
23868
23871
23874
23876
23877
23880
23881
23884
23885
23888
23890
23893
23895
23896
23899
23902
23905
23907
23909
23910
23913
23915
23916
23917
23919
23920
23921
23929
23931
23934
23935
23936
23937
23938
23939
23942
23944
23948
23949
23952
23955
23958
23961
23962
23963
23969
23970
23971
23976
23980
23981
23983
23989
23993
23996
23998
24000
24005
24006
24009
24010
24011
24014
24015
24016
24019
24020
24022
24024
24027
24028
24031
24032
24033
24036
24041
24046
24047
24048
24050
24053
24055
24057
24062
24067
24068
24070
24071
24072
24074
24076
24080
24082
24083
24084
24090
24091
24092
24093
24096
24098
24100
24104
24106
24109
24111
24113
24114
24115
24116
24119
24120
24121
24122
24128
24131
24133
24137
24143
24144
24149
24152
24155
24156
24157
24160
24165
24166
24168
24170
24172
24173
24175
24176
24178
24182
24183
24185
24187
24188
24190
24192
24195
24196
24197
24198
24201
24206
24207
24213
24215
24218
24219
24220
24221
24224
24227
24232
24242
24245
24246
24250
24252
24254
24263
24264
24265
24266
24268
24269
24270
24271
24273
24274
24278
24280
24283
24284
24288
24290
24294
24295
24298
24300
24303
24304
24307
24312
24314
24315
24320
24323
24325
24327
24337
24340
24346
24347
24348
24349
24352
24354
24356
24358
24359
24365
24367
24373
24376
24378
24380
24381
24382
24384
24386
24387
24389
24390
24391
24394
24395
24398
24399
24400
24404
24406
24409
24410
24413
24420
24421
24425
24431
24432
24433
24435
24437
24438
24440
24442
24444
24445
24447
24448
24450
24452
24453
24454
24458
24460
24461
24462
24465
24467
24470
24472
24473
24479
24482
24483
24484
24485
24487
24488
24490
24494
24495
24498
24501
24504
24507
24510
24511
24515
24516
24521
24526
24527
24528
24530
24531
24538
24542
24544
24545
24549
24551
24553
24554
24556
24561
24568
24569
24570
24571
24575
24577
24579
24580
24581
24582
24583
24585
24587
24588
24595
24596
24600
24602
24603
24607
24608
24609
24611
24613
24615
24619
24620
24623
24624
24626
24627
24628
24629
24633
24635
24637
24639
24643
24647
24648
24652
24654
24655
24656
24660
24661
24663
24664
24674
24678
24679
24681
24683
24685
24689
24690
24692
24703
24707
24708
24709
24711
24712
24713
24714
24718
24719
24721
24722
24723
24724
24726
24727
24729
24731
24732
24735
24742
24743
24751
24753
24756
24757
24759
24760
24764
24765
24766
24769
24772
24773
24775
24785
24787
24788
24791
24794
24795
24796
24799
24801
24805
24807
24808
24809
24811
24813
24814
24817
24821
24822
24827
24831
24832
24834
24835
24838
24839
24840
24841
24842
24843
24847
24850
24851
24852
24857
24860
24861
24863
24864
24865
24866
24868
24871
24872
24875
24876
24878
24880
24882
24887
24888
24890
24892
24898
24899
24905
24907
24911
24912
24914
24918
24919
24920
24921
24924
24927
24928
24933
24934
24935
24936
24940
24943
24947
24948
24949
24953
24957
24960
24961
24963
24964
24966
24968
24977
24978
24979
24981
24983
24985
24995
24996
24999
