1
4
6
9
15
16
20
21
31
33
36
38
48
50
51
56
67
74
77
78
79
81
92
93
96
101
102
103
109
113
116
117
118
123
125
130
131
135
136
146
148
160
165
167
169
173
174
175
178
179
182
187
191
195
196
197
198
206
210
219
220
221
228
233
234
235
236
237
241
242
246
249
253
265
269
270
275
277
280
281
282
289
295
298
302
303
306
307
310
315
317
318
319
328
329
336
337
338
341
345
347
348
350
351
362
367
368
369
373
384
385
387
388
391
399
400
401
405
415
417
421
426
431
433
434
440
441
445
446
447
449
452
453
457
460
464
466
471
473
485
487
488
492
499
501
504
506
509
514
516
520
521
531
538
542
544
549
551
553
554
564
569
571
574
576
580
582
584
587
590
592
598
600
608
612
616
617
618
619
621
622
627
645
655
657
659
662
664
665
666
667
672
673
674
679
685
688
691
692
694
696
700
701
706
708
710
711
712
713
716
723
729
730
731
745
748
750
757
759
762
763
765
767
776
782
783
785
786
788
790
792
794
796
797
804
808
812
814
815
818
820
834
838
839
853
864
866
867
868
876
877
883
894
897
900
902
903
905
911
915
916
927
931
932
941
944
950
954
956
958
963
966
968
969
970
971
974
979
980
981
982
984
986
990
995
999
1000
1001
1002
1003
1008
1009
1010
1012
1013
1021
1023
1024
1035
1038
1040
1042
1046
1048
1050
1054
1057
1058
1060
1065
1066
1068
1069
1074
1079
1082
1083
1088
1089
1095
1096
1101
1108
1110
1113
1114
1116
1118
1120
1122
1129
1132
1138
1141
1142
1143
1149
1150
1155
1157
1160
1162
1164
1166
1169
1176
1186
1188
1191
1195
1199
1200
1201
1202
1208
1213
1222
1225
1229
1230
1233
1235
1242
1243
1250
1251
1253
1256
1261
1264
1268
1269
1274
1275
1279
1284
1292
1301
1302
1303
1304
1305
1306
1308
1309
1319
1323
1326
1329
1333
1337
1341
1342
1347
1349
1352
1354
1355
1372
1379
1385
1387
1388
1391
1394
1402
1403
1404
1408
1414
1417
1422
1424
1428
1430
1437
1443
1445
1450
1456
1459
1461
1462
1464
1466
1467
1469
1474
1475
1478
1479
1483
1484
1486
1487
1488
1489
1493
1496
1499
1502
1506
1507
1512
1513
1516
1518
1520
1527
1538
1544
1546
1549
1550
1559
1561
1562
1574
1576
1588
1589
1594
1596
1597
1598
1600
1605
1608
1610
1611
1614
1616
1617
1619
1627
1633
1634
1639
1643
1644
1645
1657
1658
1660
1663
1665
1668
1670
1677
1681
1696
1699
1708
1711
1712
1715
1720
1721
1725
1727
1730
1734
1739
1740
1743
1745
1748
1749
1751
1757
1766
1769
1772
1775
1777
1778
1782
1796
1798
1799
1800
1801
1807
1810
1811
1816
1817
1820
1821
1822
1828
1830
1835
1838
1842
1846
1848
1851
1852
1854
1858
1866
1867
1869
1871
1873
1874
1877
1885
1890
1898
1902
1903
1904
1906
1908
1919
1920
1924
1936
1940
1949
1951
1955
1957
1958
1960
1963
1964
1965
1974
1978
1979
1980
1985
1989
1991
1992
1995
1996
1998
1999
2001
2007
2011
2015
2016
2019
2021
2026
2030
2035
2036
2044
2048
2052
2053
2065
2066
2073
2078
2080
2081
2085
2089
2090
2092
2098
2099
2100
2107
2112
2113
2120
2130
2134
2136
2139
2140
2147
2150
2157
2159
2167
2171
2174
2184
2187
2198
2207
2208
2211
2216
2217
2218
2223
2224
2228
2231
2234
2236
2240
2243
2246
2247
2248
2249
2250
2256
2258
2259
2260
2262
2268
2270
2281
2283
2291
2296
2306
2310
2312
2314
2315
2323
2324
2327
2329
2331
2333
2334
2336
2337
2339
2343
2345
2348
2349
2350
2352
2353
2357
2358
2360
2374
2375
2376
2377
2378
2379
2382
2387
2388
2389
2396
2397
2401
2406
2416
2420
2424
2426
2430
2435
2442
2447
2449
2451
2452
2455
2466
2468
2470
2473
2476
2477
2480
2482
2490
2493
2494
2498
2500
2506
2507
2509
2512
2517
2522
2528
2532
2533
2534
2535
2540
2543
2547
2549
2550
2551
2556
2563
2564
2567
2575
2576
2578
2580
2581
2588
2593
2594
2595
2603
2604
2607
2609
2610
2613
2615
2620
2624
2625
2631
2633
2637
2643
2645
2651
2652
2654
2662
2665
2676
2678
2679
2685
2686
2687
2696
2697
2700
2708
2712
2713
2716
2718
2719
2720
2728
2733
2734
2739
2740
2742
2746
2749
2750
2757
2758
2759
2760
2764
2769
2770
2772
2779
2780
2784
2789
2793
2797
2799
2802
2805
2806
2811
2815
2816
2820
2821
2823
2824
2826
2829
2832
2838
2842
2845
2846
2847
2850
2858
2861
2862
2863
2864
2865
2866
2878
2880
2882
2887
2891
2894
2895
2899
2902
2903
2909
2910
2913
2922
2924
2926
2928
2931
2933
2934
2937
2939
2942
2945
2947
2952
2955
2957
2960
2964
2967
2969
2980
2982
2985
2988
2990
2993
2994
2999
3000
3001
3005
3006
3007
3010
3013
3017
3025
3028
3030
3031
3033
3037
3040
3041
3042
3043
3044
3045
3057
3058
3059
3065
3066
3071
3076
3077
3086
3088
3090
3091
3092
3094
3104
3106
3107
3108
3109
3115
3116
3121
3122
3124
3125
3126
3129
3130
3138
3139
3147
3152
3154
3156
3161
3163
3188
3192
3198
3205
3206
3207
3213
3215
3216
3219
3222
3224
3226
3229
3230
3235
3239
3240
3241
3244
3247
3250
3255
3259
3261
3267
3275
3278
3285
3286
3289
3292
3294
3296
3300
3303
3304
3308
3317
3323
3324
3328
3333
3337
3341
3344
3352
3361
3364
3365
3369
3370
3372
3377
3379
3382
3386
3391
3393
3398
3401
3404
3407
3408
3409
3411
3416
3423
3428
3432
3438
3445
3449
3451
3456
3457
3460
3461
3465
3467
3470
3471
3473
3479
3482
3484
3493
3497
3498
3499
3500
3505
3506
3509
3510
3511
3512
3515
3516
3517
3523
3525
3528
3529
3535
3538
3540
3541
3546
3548
3550
3554
3555
3557
3560
3564
3565
3568
3577
3580
3581
3583
3587
3590
3592
3593
3599
3601
3604
3606
3617
3625
3632
3633
3636
3640
3642
3643
3645
3650
3651
3652
3654
3655
3662
3664
3665
3666
3670
3671
3672
3674
3677
3678
3680
3685
3696
3698
3699
3700
3701
3702
3704
3715
3716
3719
3728
3730
3731
3734
3737
3738
3741
3743
3744
3746
3748
3750
3753
3755
3756
3759
3760
3766
3767
3768
3770
3772
3776
3778
3780
3784
3789
3794
3795
3796
3805
3806
3809
3810
3816
3817
3827
3828
3829
3835
3837
3838
3839
3841
3842
3845
3851
3852
3855
3856
3857
3859
3861
3867
3870
3871
3872
3876
3886
3893
3895
3901
3904
3907
3909
3914
3917
3918
3923
3924
3928
3930
3932
3941
3944
3955
3960
3962
3963
3967
3970
3985
3989
3991
3992
3999
4001
4002
4006
4009
4010
4011
4016
4017
4029
4030
4031
4036
4039
4040
4046
4051
4052
4054
4056
4058
4059
4067
4068
4071
4072
4073
4074
4078
4083
4088
4090
4093
4095
4096
4098
4099
4102
4105
4106
4107
4108
4110
4115
4119
4121
4123
4128
4129
4130
4131
4138
4142
4144
4145
4156
4157
4159
4160
4161
4162
4164
4171
4174
4187
4188
4189
4190
4191
4192
4195
4197
4198
4200
4202
4205
4209
4215
4216
4220
4221
4226
4227
4231
4232
4234
4235
4238
4239
4243
4248
4249
4250
4251
4255
4260
4263
4264
4268
4270
4272
4275
4281
4283
4284
4286
4288
4292
4294
4299
4300
4302
4303
4304
4305
4306
4307
4310
4313
4314
4315
4321
4322
4323
4326
4333
4335
4340
4342
4349
4354
4355
4356
4367
4368
4369
4371
4372
4378
4379
4380
4382
4385
4388
4390
4392
4393
4399
4401
4403
4410
4411
4415
4418
4420
4423
4427
4429
4430
4431
4435
4442
4443
4445
4449
4456
4460
4461
4462
4464
4468
4469
4470
4476
4479
4481
4482
4485
4495
4496
4501
4502
4504
4506
4513
4517
4532
4534
4536
4541
4543
4544
4548
4552
4553
4554
4555
4556
4565
4567
4568
4569
4572
4573
4574
4575
4580
4582
4591
4594
4596
4600
4602
4605
4606
4611
4613
4623
4625
4628
4629
4631
4638
4648
4649
4654
4658
4670
4672
4673
4679
4683
4687
4689
4690
4691
4694
4697
4704
4706
4711
4712
4713
4718
4725
4731
4735
4736
4740
4745
4753
4770
4772
4774
4776
4777
4781
4784
4789
4791
4792
4793
4794
4795
4800
4803
4813
4814
4819
4821
4825
4826
4831
4844
4845
4848
4849
4854
4858
4862
4863
4867
4869
4870
4874
4875
4878
4883
4885
4888
4890
4892
4898
4899
4902
4903
4905
4906
4907
4915
4919
4921
4927
4933
4938
4941
4942
4945
4947
4958
4959
4966
4968
4971
4974
4982
4984
4989
4993
5003
5004
5005
5006
5007
5008
5009
5010
5019
5025
5026
5029
5030
5031
5033
5038
5040
5045
5048
5052
5053
5056
5057
5062
5063
5065
5068
5069
5075
5078
5079
5081
5082
5093
5095
5097
5099
5104
5112
5119
5120
5121
5129
5134
5137
5144
5146
5151
5153
5157
5158
5159
5160
5162
5165
5168
5170
5173
5175
5176
5177
5178
5182
5188
5190
5194
5196
5199
5201
5203
5208
5212
5214
5216
5219
5221
5224
5225
5227
5229
5231
5234
5245
5249
5251
5253
5254
5265
5271
5273
5276
5277
5281
5282
5284
5291
5296
5299
5301
5303
5307
5314
5315
5316
5319
5323
5327
5331
5334
5339
5343
5345
5349
5355
5358
5367
5370
5371
5373
5374
5376
5377
5383
5391
5399
5402
5403
5410
5419
5422
5430
5434
5438
5440
5447
5450
5460
5464
5468
5469
5470
5474
5476
5478
5484
5490
5491
5492
5495
5496
5499
5501
5503
5509
5511
5515
5519
5520
5527
5532
5533
5542
5546
5554
5555
5556
5560
5570
5575
5581
5583
5587
5590
5592
5595
5596
5607
5611
5625
5627
5630
5636
5637
5638
5641
5642
5645
5649
5650
5653
5657
5658
5660
5661
5662
5672
5676
5682
5690
5691
5692
5694
5696
5699
5703
5704
5709
5716
5720
5724
5726
5727
5734
5735
5736
5740
5742
5750
5752
5753
5754
5756
5757
5770
5774
5778
5781
5782
5788
5789
5790
5791
5792
5794
5797
5799
5801
5802
5804
5806
5807
5813
5823
5824
5826
5828
5834
5835
5840
5842
5843
5844
5855
5859
5860
5863
5867
5869
5872
5874
5880
5881
5882
5885
5888
5889
5891
5900
5904
5908
5910
5916
5917
5920
5922
5924
5927
5931
5941
5949
5951
5955
5956
5963
5965
5967
5971
5976
5978
5981
5990
5994
5995
5996
5997
6001
6022
6026
6028
6030
6032
6034
6037
6039
6040
6047
6052
6059
6060
6061
6063
6066
6069
6072
6075
6083
6086
6088
6095
6101
6112
6114
6115
6118
6121
6123
6124
6131
6133
6134
6139
6141
6145
6146
6147
6151
6155
6157
6165
6169
6171
6174
6176
6179
6188
6193
6197
6202
6204
6207
6209
6210
6211
6212
6217
6218
6220
6222
6225
6227
6235
6236
6238
6241
6246
6248
6249
6250
6255
6256
6263
6267
6268
6269
6271
6273
6275
6277
6279
6280
6284
6285
6290
6296
6301
6305
6306
6307
6309
6310
6315
6316
6317
6318
6320
6321
6322
6327
6330
6331
6338
6339
6342
6345
6349
6352
6358
6359
6367
6369
6377
6379
6384
6387
6389
6391
6392
6395
6398
6399
6402
6405
6408
6415
6416
6424
6426
6428
6432
6433
6437
6443
6445
6446
6450
6451
6453
6454
6463
6464
6465
6467
6477
6478
6482
6489
6490
6492
6494
6501
6504
6505
6507
6508
6518
6532
6533
6534
6545
6546
6550
6552
6558
6564
6567
6568
6574
6575
6577
6579
6585
6588
6589
6591
6598
6600
6604
6605
6609
6610
6613
6621
6626
6629
6630
6634
6636
6643
6645
6646
6647
6648
6652
6653
6654
6655
6664
6673
6674
6677
6680
6684
6685
6687
6688
6691
6694
6696
6698
6699
6700
6701
6704
6707
6709
6711
6718
6719
6721
6728
6735
6736
6743
6748
6753
6755
6758
6762
6766
6771
6777
6780
6781
6786
6789
6791
6795
6801
6803
6805
6807
6808
6822
6824
6828
6829
6830
6832
6835
6842
6849
6853
6856
6857
6862
6866
6870
6874
6875
6883
6884
6887
6888
6889
6896
6900
6902
6907
6909
6911
6913
6914
6918
6922
6923
6924
6925
6926
6929
6930
6935
6941
6944
6951
6952
6954
6955
6959
6962
6965
6966
6967
6968
6971
6972
6978
6981
6983
6986
6991
6992
6995
6996
6998
7004
7006
7007
7009
7010
7016
7017
7018
7020
7024
7025
7026
7027
7032
7044
7045
7046
7054
7060
7062
7066
7068
7072
7076
7078
7093
7095
7099
7104
7108
7109
7110
7114
7115
7117
7119
7120
7128
7133
7136
7137
7139
7140
7146
7147
7154
7157
7158
7160
7164
7168
7169
7171
7172
7176
7177
7178
7179
7180
7182
7183
7188
7191
7198
7201
7202
7205
7212
7222
7224
7225
7226
7228
7235
7236
7237
7242
7247
7250
7251
7252
7254
7258
7259
7266
7267
7281
7284
7286
7288
7294
7296
7297
7300
7303
7305
7309
7314
7317
7320
7324
7325
7329
7331
7332
7336
7337
7339
7341
7346
7347
7349
7351
7352
7357
7362
7365
7374
7381
7382
7390
7393
7400
7407
7408
7412
7413
7416
7418
7423
7429
7430
7431
7435
7439
7441
7443
7444
7448
7449
7450
7452
7456
7458
7461
7465
7467
7474
7477
7479
7483
7489
7492
7497
7503
7505
7508
7511
7514
7516
7520
7522
7528
7530
7532
7536
7538
7542
7544
7547
7549
7550
7554
7557
7558
7560
7564
7565
7568
7570
7571
7572
7573
7584
7588
7594
7605
7606
7607
7611
7612
7614
7623
7629
7632
7639
7644
7653
7656
7661
7669
7670
7671
7672
7673
7675
7676
7687
7689
7694
7695
7706
7709
7713
7717
7724
7726
7730
7732
7734
7735
7737
7741
7744
7746
7747
7752
7753
7759
7760
7766
7767
7771
7778
7782
7786
7794
7795
7798
7799
7806
7807
7813
7814
7818
7820
7824
7825
7830
7833
7834
7835
7837
7839
7841
7860
7865
7868
7869
7870
7874
7875
7880
7882
7884
7885
7897
7899
7900
7902
7908
7909
7911
7912
7914
7915
7917
7918
7919
7920
7924
7925
7931
7932
7934
7939
7940
7941
7943
7947
7950
7953
7955
7956
7958
7963
7971
7972
7975
7976
7978
7979
7980
7981
7982
7985
7987
7996
7998
7999
8002
8003
8006
8007
8010
8012
8014
8020
8021
8022
8023
8033
8035
8037
8038
8050
8051
8055
8056
8058
8060
8065
8073
8083
8087
8088
8090
8093
8096
8098
8103
8108
8113
8114
8115
8123
8132
8136
8137
8138
8141
8142
8146
8149
8151
8158
8160
8161
8163
8166
8168
8175
8179
8180
8182
8183
8184
8188
8189
8192
8196
8204
8205
8220
8223
8225
8227
8229
8234
8238
8239
8243
8247
8248
8249
8251
8252
8258
8265
8267
8269
8270
8271
8272
8276
8278
8279
8282
8285
8290
8292
8295
8297
8299
8302
8304
8308
8309
8310
8311
8313
8315
8316
8317
8320
8322
8323
8324
8325
8326
8332
8336
8339
8346
8352
8354
8355
8356
8358
8359
8360
8362
8364
8368
8369
8370
8371
8372
8375
8376
8377
8378
8380
8386
8389
8392
8394
8400
8401
8402
8403
8405
8406
8413
8416
8418
8419
8421
8423
8429
8431
8439
8443
8445
8446
8448
8450
8454
8457
8466
8476
8481
8487
8488
8491
8492
8495
8500
8501
8507
8508
8513
8519
8520
8521
8523
8525
8527
8535
8536
8541
8551
8555
8557
8559
8564
8571
8572
8573
8575
8577
8578
8579
8583
8584
8589
8590
8591
8593
8594
8597
8599
8602
8609
8612
8614
8615
8620
8621
8622
8623
8626
8631
8638
8641
8653
8655
8656
8657
8659
8660
8661
8667
8670
8672
8673
8675
8676
8680
8682
8687
8689
8695
8696
8697
8699
8700
8703
8711
8714
8715
8716
8719
8722
8727
8730
8732
8735
8736
8737
8739
8740
8741
8742
8746
8747
8748
8752
8753
8758
8763
8765
8770
8775
8781
8783
8784
8790
8793
8794
8800
8803
8806
8812
8816
8821
8822
8824
8831
8834
8838
8839
8840
8841
8846
8848
8850
8856
8859
8861
8864
8869
8873
8874
8876
8880
8881
8886
8889
8893
8898
8905
8910
8911
8912
8913
8919
8921
8922
8927
8929
8933
8938
8941
8942
8948
8949
8950
8952
8954
8972
8975
8984
8985
8986
8991
8999
9001
9003
9004
9013
9020
9023
9035
9037
9038
9043
9047
9053
9056
9057
9059
9062
9063
9068
9072
9076
9080
9081
9083
9084
9085
9090
9095
9099
9100
9104
9107
9108
9110
9111
9114
9116
9125
9128
9129
9130
9132
9135
9149
9153
9156
9160
9163
9164
9166
9170
9171
9178
9181
9187
9194
9207
9209
9214
9217
9221
9226
9227
9229
9233
9235
9240
9247
9248
9254
9261
9265
9267
9271
9272
9273
9274
9275
9277
9278
9279
9282
9287
9295
9300
9303
9307
9309
9312
9313
9314
9319
9321
9323
9325
9326
9331
9334
9335
9339
9341
9350
9351
9352
9353
9354
9356
9361
9365
9367
9369
9371
9372
9373
9376
9381
9383
9386
9387
9394
9400
9401
9405
9408
9410
9413
9421
9423
9430
9433
9434
9441
9444
9458
9462
9464
9467
9469
9473
9475
9476
9480
9483
9486
9489
9492
9496
9498
9499
9506
9509
9511
9520
9521
9524
9526
9527
9528
9529
9532
9533
9546
9548
9556
9565
9568
9573
9574
9579
9582
9583
9586
9588
9594
9596
9597
9602
9605
9608
9610
9613
9619
9620
9624
9629
9632
9635
9636
9638
9639
9641
9643
9647
9648
9650
9656
9659
9663
9666
9682
9686
9690
9692
9694
9697
9701
9707
9709
9711
9712
9716
9731
9732
9734
9736
9739
9754
9759
9760
9762
9766
9769
9771
9772
9783
9784
9786
9788
9789
9792
9796
9797
9798
9806
9810
9811
9812
9822
9824
9829
9836
9838
9844
9846
9850
9857
9858
9860
9864
9865
9866
9870
9875
9876
9878
9884
9886
9887
9891
9892
9893
9899
9901
9908
9915
9922
9923
9924
9925
9926
9927
9929
9931
9938
9940
9945
9953
9961
9968
9969
9970
9972
9974
9975
9977
9978
9982
9987
9990
9991
9992
9994
10000
10005
10006
10016
10017
10021
10022
10025
10026
10027
10028
10030
10031
10032
10035
10036
10037
10039
10041
10044
10045
10047
10052
10055
10056
10058
10059
10061
10067
10073
10074
10077
10080
10082
10086
10087
10088
10093
10094
10096
10097
10101
10102
10105
10106
10108
10114
10115
10117
10119
10124
10125
10129
10136
10140
10147
10150
10152
10154
10158
10160
10166
10170
10172
10176
10177
10178
10181
10184
10185
10198
10199
10202
10204
10209
10212
10213
10214
10217
10218
10221
10229
10230
10237
10245
10246
10249
10259
10261
10263
10264
10265
10266
10271
10274
10275
10280
10282
10283
10293
10295
10296
10300
10302
10303
10305
10308
10312
10316
10317
10318
10319
10320
10321
10324
10327
10330
10331
10335
10337
10338
10339
10340
10342
10343
10349
10358
10361
10367
10368
10369
10370
10383
10384
10386
10388
10395
10397
10398
10399
10404
10408
10409
10410
10417
10420
10426
10427
10428
10436
10442
10444
10448
10451
10459
10461
10465
10467
10469
10470
10472
10479
10483
10484
10486
10495
10500
10507
10509
10511
10512
10513
10526
10530
10533
10534
10537
10538
10542
10544
10552
10556
10557
10559
10565
10567
10569
10585
10587
10594
10596
10602
10604
10609
10614
10616
10628
10632
10636
10637
10639
10641
10642
10644
10645
10653
10656
10657
10660
10665
10673
10675
10678
10681
10688
10695
10700
10701
10706
10709
10718
10725
10726
10728
10731
10733
10734
10744
10747
10754
10757
10758
10759
10762
10763
10769
10773
10774
10775
10782
10783
10784
10786
10794
10801
10802
10804
10809
10810
10820
10822
10827
10830
10839
10841
10844
10845
10851
10853
10857
10858
10861
10862
10871
10872
10874
10875
10883
10889
10896
10898
10899
10909
10911
10914
10916
10917
10918
10920
10922
10924
10926
10928
10938
10943
10947
10950
10953
10963
10966
10967
10968
10975
10977
10980
10986
10987
10988
10991
10994
10995
10996
11000
11011
11017
11019
11029
11032
11035
11036
11038
11039
11043
11045
11049
11050
11053
11055
11056
11060
11063
11066
11070
11071
11079
11081
11083
11086
11088
11089
11094
11096
11100
11102
11104
11105
11106
11109
11110
11112
11119
11121
11122
11130
11131
11132
11134
11138
11140
11145
11147
11155
11156
11164
11166
11171
11172
11173
11174
11175
11178
11181
11183
11187
11189
11190
11194
11196
11200
11201
11203
11213
11214
11217
11219
11221
11224
11228
11230
11234
11237
11239
11243
11245
11249
11252
11253
11255
11259
11270
11271
11278
11279
11281
11287
11295
11296
11297
11300
11304
11310
11313
11315
11324
11326
11327
11330
11331
11332
11334
11335
11343
11345
11346
11348
11356
11357
11358
11366
11372
11373
11376
11384
11386
11388
11389
11392
11398
11412
11414
11419
11423
11426
11427
11431
11437
11439
11445
11448
11449
11453
11461
11464
11475
11477
11478
11481
11484
11487
11493
11496
11504
11506
11514
11518
11523
11525
11528
11529
11530
11534
11535
11543
11544
11546
11550
11554
11556
11564
11565
11566
11567
11568
11570
11573
11575
11578
11581
11586
11589
11595
11597
11602
11605
11613
11614
11616
11617
11618
11620
11621
11622
11623
11631
11632
11636
11637
11639
11643
11650
11651
11654
11656
11662
11663
11673
11674
11686
11687
11688
11690
11694
11699
11702
11704
11706
11712
11717
11719
11734
11737
11739
11740
11743
11744
11745
11747
11749
11753
11754
11756
11757
11760
11763
11767
11774
11775
11778
11782
11787
11791
11794
11800
11801
11802
11811
11815
11827
11831
11836
11838
11840
11841
11843
11846
11847
11849
11852
11855
11856
11863
11864
11865
11869
11872
11875
11876
11877
11878
11879
11880
11881
11887
11889
11890
11896
11906
11907
11912
11913
11914
11915
11916
11920
11928
11934
11936
11938
11946
11948
11950
11951
11955
11958
11960
11963
11967
11968
11969
11971
11976
11986
11990
12006
12009
12013
12014
12015
12018
12019
12020
12021
12034
12036
12039
12041
12046
12049
12052
12053
12054
12059
12064
12066
12070
12073
12075
12076
12081
12082
12084
12085
12089
12096
12100
12101
12111
12120
12125
12132
12135
12136
12141
12142
12144
12146
12147
12150
12153
12158
12160
12162
12164
12166
12170
12174
12178
12182
12183
12184
12185
12190
12191
12197
12201
12203
12206
12207
12210
12214
12215
12222
12226
12228
12230
12232
12233
12235
12242
12243
12246
12247
12250
12255
12258
12259
12260
12261
12264
12267
12268
12271
12273
12275
12276
12277
12282
12291
12293
12294
12296
12298
12301
12302
12303
12308
12317
12318
12321
12323
12324
12329
12331
12334
12335
12339
12341
12343
12345
12346
12348
12350
12353
12357
12358
12362
12363
12365
12366
12369
12370
12372
12373
12379
12380
12381
12383
12388
12391
12392
12395
12398
12400
12403
12411
12412
12418
12420
12421
12423
12425
12427
12433
12434
12435
12438
12440
12442
12446
12447
12448
12449
12450
12457
12464
12468
12477
12480
12482
12485
12486
12489
12492
12493
12495
12497
12499
12500
12503
12506
12507
12511
12517
12518
12521
12529
12533
12534
12537
12538
12541
12544
12546
12547
12552
12554
12557
12560
12562
12564
12568
12570
12571
12578
12580
12581
12593
12594
12600
12615
12617
12622
12624
12625
12633
12636
12645
12647
12648
12653
12655
12656
12658
12661
12677
12690
12693
12694
12697
12698
12701
12702
12706
12708
12709
12712
12713
12714
12716
12718
12725
12728
12729
12731
12732
12733
12739
12741
12742
12743
12744
12746
12748
12760
12761
12765
12766
12768
12771
12774
12778
12781
12790
12796
12800
12814
12815
12817
12820
12821
12822
12828
12831
12834
12836
12837
12838
12842
12845
12848
12849
12853
12855
12857
12862
12865
12867
12868
12875
12877
12879
12889
12892
12893
12898
12899
12903
12908
12911
12914
12916
12918
12921
12925
12928
12932
12937
12938
12941
12947
12951
12953
12957
12958
12962
12964
12972
12977
12980
12986
12989
12992
12993
12995
12996
12998
12999
13000
13001
13004
13005
13009
13014
13019
13023
13024
13031
13032
13035
13036
13039
13040
13042
13051
13052
13059
13061
13062
13065
13067
13072
13077
13079
13083
13088
13089
13091
13094
13095
13096
13108
13111
13119
13122
13123
13125
13127
13137
13138
13144
13146
13147
13149
13151
13155
13157
13158
13161
13167
13171
13176
13178
13179
13187
13189
13192
13193
13194
13196
13202
13211
13215
13218
13224
13226
13227
13228
13231
13235
13238
13239
13244
13246
13249
13251
13252
13254
13255
13258
13261
13273
13274
13278
13280
13284
13286
13296
13299
13310
13318
13320
13321
13322
13327
13329
13330
13338
13340
13341
13349
13350
13351
13362
13368
13369
13380
13381
13383
13387
13389
13391
13393
13401
13402
13405
13408
13412
13413
13416
13417
13421
13424
13432
13440
13441
13443
13445
13447
13459
13462
13465
13467
13468
13469
13471
13472
13479
13485
13490
13492
13494
13502
13503
13509
13513
13528
13535
13540
13544
13548
13553
13562
13563
13565
13568
13573
13574
13576
13579
13580
13585
13589
13595
13597
13601
13602
13605
13610
13615
13618
13622
13627
13630
13631
13632
13636
13637
13638
13639
13642
13649
13654
13655
13658
13659
13660
13664
13667
13668
13669
13670
13673
13677
13678
13681
13684
13685
13695
13696
13698
13699
13700
13701
13706
13707
13709
13713
13714
13715
13717
13718
13719
13721
13725
13727
13732
13742
13744
13745
13748
13751
13752
13754
13760
13761
13762
13764
13768
13769
13770
13771
13772
13775
13780
13783
13785
13786
13787
13789
13791
13792
13794
13795
13797
13804
13806
13808
13809
13811
13816
13817
13823
13825
13829
13835
13837
13840
13846
13847
13848
13857
13859
13865
13867
13869
13870
13871
13872
13877
13878
13879
13883
13887
13898
13906
13911
13915
13916
13917
13918
13920
13921
13923
13929
13932
13934
13935
13939
13940
13946
13949
13956
13958
13959
13961
13962
13966
13969
13971
13976
13977
13982
13985
13987
13989
13994
14016
14017
14023
14025
14026
14029
14031
14038
14040
14045
14047
14051
14055
14057
14058
14059
14061
14062
14066
14070
14071
14076
14077
14081
14082
14083
14084
14087
14088
14097
14101
14102
14107
14108
14111
14117
14122
14123
14126
14131
14139
14140
14141
14151
14154
14155
14157
14158
14161
14163
14168
14174
14175
14176
14177
14186
14188
14191
14196
14197
14198
14200
14204
14206
14207
14208
14210
14212
14214
14217
14219
14220
14221
14222
14224
14227
14231
14237
14240
14241
14242
14243
14250
14254
14256
14260
14265
14278
14279
14280
14282
14284
14288
14292
14293
14295
14299
14307
14311
14314
14315
14319
14320
14322
14328
14329
14331
14335
14337
14338
14339
14344
14351
14352
14353
14357
14360
14362
14364
14371
14377
14378
14379
14383
14395
14397
14398
14401
14402
14403
14404
14408
14409
14410
14415
14419
14423
14426
14428
14429
14431
14432
14433
14440
14446
14449
14450
14457
14459
14461
14464
14465
14466
14469
14475
14480
14481
14482
14484
14489
14490
14491
14495
14506
14508
14509
14510
14516
14517
14518
14524
14525
14529
14533
14535
14541
14546
14551
14555
14560
14562
14567
14568
14569
14572
14573
14574
14575
14576
14582
14584
14586
14588
14590
14591
14593
14594
14595
14605
14606
14607
14609
14611
14613
14614
14615
14616
14617
14622
14623
14627
14629
14632
14635
14636
14637
14639
14640
14641
14643
14644
14648
14649
14654
14656
14657
14663
14667
14670
14671
14679
14683
14685
14686
14688
14699
14700
14703
14704
14705
14710
14711
14713
14714
14717
14718
14719
14728
14730
14734
14738
14743
14744
14747
14748
14750
14751
14752
14755
14758
14765
14766
14768
14770
14775
14781
14782
14784
14786
14790
14791
14792
14793
14795
14797
14800
14810
14816
14820
14823
14829
14830
14835
14840
14845
14846
14849
14854
14855
14859
14866
14868
14869
14872
14884
14888
14890
14891
14894
14897
14899
14901
14902
14903
14904
14905
14916
14917
14918
14921
14924
14928
14931
14935
14936
14939
14940
14941
14944
14946
14949
14950
14953
14954
14955
14956
14958
14959
14965
14966
14971
14973
14974
14978
14979
14980
14981
14982
14984
14985
14987
14989
14990
14991
14996
14997
14998
15000
15005
15006
15007
15009
15012
15013
15014
15016
15017
15018
15020
15021
15023
15024
15028
15042
15046
15048
15051
15052
15062
15064
15067
15072
15074
15076
15079
15081
15082
15091
15092
15097
15103
15106
15108
15116
15118
15119
15120
15121
15127
15129
15132
15133
15137
15145
15147
15148
15152
15154
15157
15158
15160
15163
15169
15172
15173
15174
15182
15183
15198
15200
15202
15203
15208
15210
15223
15233
15235
15236
15239
15244
15247
15248
15249
15253
15262
15265
15266
15268
15272
15273
15275
15277
15278
15281
15284
15289
15292
15294
15295
15303
15305
15307
15311
15313
15318
15320
15323
15326
15327
15333
15351
15356
15358
15361
15363
15368
15374
15376
15377
15379
15380
15383
15386
15387
15389
15394
15395
15396
15403
15404
15411
15412
15413
15415
15416
15417
15420
15423
15428
15429
15431
15432
15437
15439
15444
15450
15458
15459
15461
15463
15467
15468
15469
15471
15473
15478
15483
15485
15486
15491
15493
15494
15502
15506
15507
15509
15511
15516
15522
15524
15526
15527
15529
15534
15536
15538
15540
15551
15554
15557
15559
15560
15564
15566
15568
15569
15571
15573
15574
15575
15578
15582
15583
15586
15587
15591
15593
15594
15596
15598
15599
15600
15603
15607
15608
15610
15611
15614
15621
15628
15629
15631
15632
15633
15636
15637
15638
15640
15641
15642
15644
15645
15647
15650
15653
15657
15658
15660
15661
15663
15667
15668
15676
15685
15687
15689
15692
15693
15694
15698
15701
15702
15703
15706
15709
15712
15716
15719
15722
15723
15725
15737
15741
15747
15752
15756
15760
15761
15762
15763
15764
15765
15767
15773
15774
15778
15781
15783
15786
15788
15789
15791
15792
15793
15794
15798
15799
15801
15802
15803
15805
15806
15807
15809
15814
15815
15823
15825
15826
15827
15831
15832
15833
15837
15841
15844
15849
15851
15854
15855
15863
15868
15869
15870
15871
15873
15879
15881
15883
15884
15887
15898
15909
15910
15911
15912
15917
15926
15928
15932
15933
15934
15935
15937
15940
15942
15943
15948
15951
15957
15958
15960
15964
15975
15978
15981
15983
15986
15989
15995
15997
16010
16014
16018
16020
16023
16026
16030
16037
16039
16043
16046
16047
16055
16056
16062
16065
16066
16068
16069
16071
16072
16073
16074
16075
16076
16084
16085
16086
16088
16095
16098
16107
16108
16110
16128
16131
16141
16145
16146
16148
16149
16155
16157
16165
16166
16170
16176
16177
16178
16180
16181
16186
16187
16188
16192
16196
16197
16198
16201
16203
16207
16208
16210
16212
16216
16219
16220
16221
16226
16227
16233
16245
16246
16247
16249
16250
16251
16252
16254
16256
16260
16262
16263
16264
16265
16268
16276
16278
16279
16286
16287
16288
16289
16291
16293
16294
16298
16300
16301
16302
16308
16311
16312
16313
16314
16316
16319
16322
16324
16325
16333
16336
16358
16361
16363
16364
16366
16367
16370
16374
16376
16377
16379
16380
16382
16390
16393
16394
16396
16399
16400
16401
16403
16405
16407
16410
16416
16424
16430
16432
16435
16443
16447
16448
16449
16450
16453
16454
16455
16457
16458
16460
16473
16477
16488
16489
16494
16495
16501
16502
16503
16504
16508
16511
16513
16516
16522
16524
16526
16543
16554
16558
16559
16563
16568
16574
16577
16578
16580
16582
16584
16591
16593
16597
16598
16606
16611
16615
16616
16621
16626
16627
16628
16629
16631
16633
16638
16645
16647
16648
16649
16663
16665
16666
16668
16669
16672
16677
16680
16684
16685
16686
16688
16692
16696
16697
16698
16704
16705
16709
16710
16712
16713
16714
16716
16717
16722
16725
16727
16734
16737
16746
16752
16753
16763
16767
16769
16770
16772
16775
16780
16783
16784
16785
16790
16795
16796
16797
16798
16801
16806
16813
16815
16821
16822
16825
16829
16831
16835
16836
16837
16838
16841
16845
16847
16848
16849
16851
16853
16854
16861
16862
16863
16865
16870
16871
16873
16874
16876
16881
16882
16884
16887
16888
16890
16893
16895
16896
16900
16905
16917
16918
16925
16934
16936
16939
16943
16945
16946
16952
16959
16960
16965
16966
16969
16972
16973
16975
16977
16978
16986
16990
16991
16995
16997
16998
17000
17002
17003
17006
17008
17009
17014
17016
17018
17019
17022
17023
17031
17033
17034
17044
17051
17052
17054
17057
17060
17069
17071
17073
17076
17086
17092
17095
17096
17097
17103
17109
17110
17122
17123
17126
17128
17131
17134
17135
17143
17145
17146
17148
17149
17150
17153
17158
17161
17162
17165
17169
17174
17182
17183
17184
17188
17189
17191
17192
17197
17199
17200
17201
17215
17216
17222
17223
17229
17235
17243
17250
17253
17254
17255
17257
17258
17264
17266
17273
17274
17281
17284
17287
17290
17294
17301
17308
17311
17312
17314
17317
17326
17327
17330
17331
17338
17339
17340
17342
17351
17353
17355
17360
17364
17366
17368
17370
17372
17374
17375
17380
17385
17391
17394
17402
17403
17404
17414
17416
17417
17418
17421
17423
17431
17436
17445
17448
17450
17454
17455
17456
17461
17462
17471
17472
17478
17482
17487
17488
17491
17498
17512
17519
17520
17521
17522
17524
17525
17526
17528
17529
17530
17535
17538
17540
17543
17544
17546
17548
17549
17553
17556
17557
17558
17564
17565
17567
17568
17576
17577
17582
17585
17587
17589
17591
17593
17597
17598
17601
17611
17613
17619
17620
17622
17625
17630
17631
17634
17635
17642
17646
17647
17649
17651
17652
17654
17655
17656
17662
17664
17668
17676
17677
17689
17694
17695
17696
17697
17699
17701
17703
17704
17707
17713
17717
17718
17720
17722
17723
17726
17729
17732
17733
17735
17739
17740
17742
17747
17748
17749
17750
17752
17760
17761
17764
17765
17779
17783
17784
17785
17787
17792
17794
17795
17799
17801
17802
17804
17807
17809
17812
17815
17816
17826
17827
17828
17830
17833
17837
17840
17847
17848
17849
17851
17856
17857
17860
17863
17865
17872
17877
17889
17892
17894
17906
17908
17910
17912
17914
17918
17929
17930
17931
17941
17944
17946
17954
17957
17959
17961
17962
17969
17971
17976
17983
17988
17990
17992
17994
17996
17997
18001
18002
18004
18010
18015
18019
18020
18023
18026
18029
18031
18032
18034
18035
18036
18039
18040
18043
18045
18047
18048
18049
18052
18054
18056
18058
18060
18061
18064
18066
18067
18070
18071
18073
18076
18077
18078
18080
18081
18085
18088
18090
18094
18095
18096
18097
18098
18099
18104
18106
18108
18110
18111
18112
18113
18119
18124
18125
18127
18128
18132
18139
18142
18144
18146
18148
18149
18150
18154
18155
18157
18158
18161
18164
18166
18167
18172
18173
18176
18180
18182
18183
18191
18198
18203
18204
18208
18209
18210
18220
18227
18228
18229
18231
18232
18233
18235
18237
18239
18240
18242
18243
18249
18251
18252
18256
18260
18264
18269
18274
18276
18279
18280
18289
18291
18299
18303
18305
18306
18310
18311
18313
18319
18326
18330
18332
18334
18337
18338
18340
18342
18344
18346
18348
18349
18350
18356
18358
18360
18362
18363
18368
18369
18370
18371
18374
18375
18376
18387
18403
18406
18408
18416
18417
18418
18422
18424
18429
18431
18432
18440
18443
18444
18445
18447
18448
18455
18456
18467
18471
18472
18473
18474
18476
18487
18492
18499
18500
18502
18505
18508
18514
18517
18523
18527
18528
18535
18540
18541
18549
18550
18552
18556
18563
18564
18567
18570
18574
18578
18590
18591
18596
18599
18603
18606
18607
18609
18610
18615
18619
18620
18622
18626
18627
18639
18640
18643
18644
18645
18646
18649
18650
18653
18654
18662
18663
18664
18668
18669
18670
18672
18673
18681
18683
18689
18691
18694
18697
18698
18701
18706
18709
18710
18711
18714
18718
18719
18720
18725
18730
18736
18737
18739
18741
18745
18746
18747
18752
18753
18756
18757
18759
18761
18762
18766
18767
18773
18774
18775
18778
18779
18782
18791
18793
18795
18798
18802
18804
18806
18815
18816
18820
18825
18828
18838
18842
18846
18849
18852
18853
18859
18861
18863
18865
18869
18871
18872
18873
18885
18888
18892
18903
18905
18911
18912
18916
18917
18919
18921
18922
18925
18926
18928
18939
18940
18941
18943
18947
18948
18955
18958
18961
18962
18965
18966
18968
18969
18971
18974
18976
18977
18983
18984
18985
18986
18989
18990
18993
18995
18996
18997
19000
19003
19004
19007
19008
19012
19016
19020
19022
19028
19032
19034
19035
19036
19043
19047
19048
19053
19055
19056
19060
19062
19064
19067
19070
19073
19076
19082
19087
19092
19095
19104
19105
19112
19115
19119
19120
19124
19128
19131
19132
19140
19143
19145
19153
19155
19157
19158
19160
19161
19162
19164
19167
19172
19174
19179
19183
19184
19187
19188
19189
19194
19197
19205
19209
19213
19218
19228
19234
19235
19236
19237
19245
19255
19256
19257
19263
19266
19272
19275
19281
19290
19292
19300
19302
19303
19309
19310
19312
19322
19324
19327
19328
19330
19331
19334
19340
19342
19343
19345
19350
19352
19355
19368
19371
19372
19373
19376
19379
19388
19390
19393
19396
19397
19400
19402
19405
19406
19409
19412
19414
19417
19419
19420
19421
19424
19430
19433
19438
19441
19443
19445
19451
19453
19455
19459
19460
19463
19464
19465
19466
19470
19476
19478
19479
19480
19481
19490
19491
19495
19496
19500
19502
19503
19504
19509
19511
19512
19513
19515
19517
19518
19521
19527
19529
19533
19534
19536
19540
19556
19560
19563
19566
19567
19572
19574
19576
19586
19588
19593
19594
19602
19604
19606
19610
19613
19615
19619
19620
19621
19622
19625
19626
19628
19629
19638
19639
19641
19642
19647
19649
19659
19672
19689
19692
19696
19697
19699
19700
19701
19706
19708
19710
19716
19721
19724
19725
19733
19735
19736
19737
19757
19759
19767
19772
19778
19786
19788
19790
19791
19792
19793
19794
19795
19806
19809
19818
19819
19821
19823
19825
19826
19833
19840
19843
19845
19849
19851
19854
19856
19861
19863
19865
19866
19867
19877
19885
19890
19895
19897
19908
19922
19928
19929
19931
19933
19935
19937
19945
19952
19957
19958
19961
19966
19968
19969
19972
19973
19976
19978
19979
19980
19983
19986
19994
19996
20000
20002
20008
20015
20021
20023
20027
20029
20035
20038
20042
20047
20055
20061
20063
20064
20065
20069
20072
20073
20079
20092
20094
20095
20097
20100
20101
20103
20105
20106
20110
20111
20112
20114
20115
20121
20122
20123
20124
20132
20134
20137
20140
20151
20154
20155
20172
20174
20175
20178
20183
20186
20195
20196
20197
20202
20205
20206
20207
20210
20212
20214
20215
20219
20222
20225
20228
20238
20241
20243
20245
20247
20252
20259
20261
20264
20265
20266
20267
20279
20286
20291
20298
20303
20305
20306
20307
20312
20313
20316
20319
20320
20326
20328
20329
20341
20343
20345
20347
20350
20351
20353
20359
20364
20369
20370
20374
20381
20383
20386
20387
20389
20391
20394
20397
20399
20402
20407
20414
20418
20419
20420
20425
20426
20427
20430
20431
20432
20433
20437
20439
20441
20446
20448
20451
20454
20456
20463
20464
20470
20474
20479
20481
20486
20493
20499
20502
20506
20509
20512
20515
20523
20524
20529
20531
20532
20536
20546
20550
20552
20554
20556
20561
20567
20569
20574
20577
20579
20581
20587
20590
20593
20608
20609
20613
20615
20617
20624
20630
20631
20635
20637
20645
20646
20649
20653
20656
20662
20666
20668
20674
20679
20685
20694
20698
20699
20701
20704
20708
20711
20713
20716
20722
20727
20728
20730
20735
20739
20742
20748
20751
20752
20754
20756
20758
20759
20762
20763
20767
20769
20782
20787
20791
20793
20796
20799
20800
20801
20804
20807
20811
20812
20818
20823
20824
20829
20832
20834
20835
20837
20840
20844
20845
20852
20859
20861
20862
20878
20880
20882
20886
20890
20894
20897
20899
20906
20909
20912
20915
20919
20920
20923
20930
20931
20935
20936
20938
20942
20943
20947
20952
20954
20956
20957
20962
20964
20969
20971
20976
20981
20982
20984
20988
20989
20993
20994
20995
21000
21001
21005
21008
21009
21010
21011
21014
21018
21020
21021
21026
21028
21032
21033
21036
21040
21049
21053
21054
21057
21058
21067
21068
21071
21079
21081
21086
21092
21093
21098
21102
21103
21104
21117
21119
21123
21124
21126
21129
21134
21135
21137
21140
21144
21148
21149
21153
21154
21164
21166
21171
21173
21180
21182
21187
21195
21201
21202
21203
21208
21215
21217
21219
21225
21226
21231
21233
21234
21247
21251
21252
21261
21265
21273
21277
21281
21284
21285
21288
21290
21291
21300
21307
21308
21310
21312
21316
21319
21323
21324
21326
21329
21331
21334
21335
21339
21340
21348
21350
21352
21353
21358
21361
21366
21368
21369
21371
21384
21389
21392
21393
21400
21402
21404
21411
21417
21419
21421
21423
21425
21428
21429
21431
21432
21433
21434
21436
21438
21439
21441
21445
21446
21448
21450
21454
21460
21461
21462
21464
21470
21471
21473
21478
21479
21480
21482
21485
21490
21492
21493
21499
21502
21503
21505
21507
21512
21513
21517
21518
21530
21531
21535
21536
21540
21542
21545
21546
21547
21548
21550
21553
21559
21562
21563
21564
21567
21569
21573
21578
21584
21600
21601
21604
21606
21607
21609
21610
21612
21614
21616
21621
21622
21623
21629
21631
21644
21647
21650
21652
21654
21657
21661
21666
21668
21669
21678
21679
21682
21686
21687
21693
21694
21695
21698
21701
21705
21710
21719
21721
21722
21725
21727
21731
21735
21739
21742
21745
21755
21756
21760
21762
21767
21770
21771
21777
21781
21782
21783
21795
21797
21798
21799
21801
21802
21804
21805
21809
21811
21812
21814
21815
21820
21832
21835
21839
21840
21846
21847
21850
21851
21852
21855
21857
21859
21860
21861
21862
21865
21866
21867
21874
21878
21881
21887
21891
21892
21893
21896
21897
21900
21902
21908
21909
21911
21915
21916
21917
21921
21929
21930
21931
21933
21937
21940
21941
21945
21947
21951
21953
21954
21957
21964
21966
21967
21971
21974
21976
21979
21981
21983
21985
21988
21992
21993
21998
22004
22005
22008
22009
22010
22014
22015
22017
22018
22019
22020
22021
22026
22027
22031
22032
22033
22037
22042
22046
22047
22055
22056
22057
22058
22062
22066
22067
22070
22071
22072
22076
22080
22088
22092
22093
22095
22097
22099
22105
22107
22109
22110
22111
22112
22114
22115
22116
22120
22122
22124
22127
22135
22138
22141
22142
22147
22148
22149
22150
22152
22156
22158
22161
22162
22168
22170
22175
22179
22187
22188
22192
22194
22196
22199
22201
22208
22215
22223
22225
22236
22239
22240
22243
22246
22247
22249
22250
22256
22258
22260
22261
22265
22268
22275
22280
22281
22282
22284
22287
22289
22295
22296
22304
22313
22314
22316
22317
22318
22325
22330
22331
22334
22336
22338
22339
22341
22345
22347
22349
22353
22354
22355
22356
22358
22360
22361
22364
22366
22368
22374
22377
22381
22390
22392
22397
22398
22403
22405
22413
22414
22416
22419
22420
22421
22424
22426
22428
22429
22435
22436
22442
22445
22446
22447
22448
22453
22457
22458
22461
22462
22465
22469
22470
22472
22474
22477
22479
22481
22484
22485
22497
22498
22500
22501
22507
22508
22511
22516
22518
22519
22522
22523
22525
22526
22528
22529
22530
22532
22533
22535
22536
22537
22538
22544
22547
22552
22553
22555
22556
22557
22559
22567
22568
22569
22570
22575
22578
22581
22583
22586
22587
22588
22589
22598
22606
22608
22609
22610
22613
22614
22620
22623
22626
22628
22633
22638
22641
22644
22650
22653
22661
22663
22672
22677
22678
22683
22687
22689
22690
22691
22704
22707
22709
22714
22715
22716
22718
22719
22723
22727
22728
22729
22730
22735
22737
22740
22741
22744
22745
22751
22752
22758
22760
22761
22763
22767
22772
22773
22775
22782
22783
22785
22786
22788
22789
22799
22800
22803
22806
22807
22812
22814
22821
22829
22830
22831
22833
22835
22839
22844
22845
22846
22848
22849
22855
22856
22857
22862
22863
22865
22866
22871
22875
22879
22895
22899
22902
22903
22905
22906
22907
22909
22912
22913
22915
22916
22921
22924
22926
22932
22936
22939
22944
22946
22948
22951
22955
22956
22957
22960
22961
22976
22978
22981
22983
22984
22985
22989
22991
22997
23000
23003
23005
23006
23008
23009
23010
23012
23015
23016
23018
23019
23022
23025
23032
23033
23036
23037
23038
23039
23045
23047
23051
23053
23054
23056
23060
23061
23067
23070
23074
23076
23079
23080
23081
23083
23086
23094
23095
23097
23099
23103
23105
23107
23112
23113
23114
23119
23122
23123
23125
23126
23128
23129
23131
23132
23133
23135
23139
23141
23148
23152
23153
23154
23155
23156
23159
23160
23161
23163
23164
23165
23170
23171
23173
23176
23177
23181
23184
23185
23186
23188
23189
23191
23197
23199
23204
23206
23208
23210
23213
23214
23216
23217
23219
23221
23224
23230
23233
23235
23238
23240
23241
23245
23246
23247
23254
23258
23259
23260
23261
23262
23264
23269
23277
23282
23284
23285
23289
23292
23293
23295
23300
23304
23305
23309
23311
23312
23315
23316
23319
23321
23325
23328
23329
23332
23333
23338
23339
23340
23342
23345
23346
23352
23356
23358
23363
23365
23369
23372
23375
23377
23383
23384
23386
23387
23388
23391
23393
23394
23395
23396
23398
23403
23404
23406
23407
23408
23409
23411
23413
23416
23419
23420
23421
23424
23427
23431
23432
23438
23441
23442
23447
23455
23461
23464
23476
23478
23481
23483
23484
23485
23486
23487
23490
23493
23495
23496
23497
23499
23503
23506
23508
23509
23511
23514
23516
23519
23523
23524
23526
23527
23530
23534
23535
23536
23538
23540
23543
23551
23557
23562
23565
23568
23569
23573
23574
23575
23576
23581
23583
23584
23585
23586
23587
23588
23589
23591
23592
23594
23596
23597
23603
23605
23607
23612
23615
23616
23619
23621
23622
23626
23628
23635
23636
23637
23639
23640
23641
23644
23646
23649
23650
23651
23657
23658
23663
23667
23668
23669
23670
23672
23673
23675
23676
23677
23678
23679
23681
23684
23686
23694
23696
23697
23700
23703
23704
23705
23706
23708
23710
23714
23715
23718
23719
23720
23721
23730
23731
23734
23735
23737
23741
23743
23744
23747
23748
23750
23751
23752
23754
23757
23761
23763
23767
23768
23769
23771
23776
23777
23781
23782
23783
23787
23791
23792
23793
23796
23798
23799
23800
23802
23805
23812
23814
23815
23816
23820
23821
23824
23825
23826
23827
23829
23830
23832
23833
23839
23844
23845
23847
23849
23852
23853
23855
23858
23859
23862
23867
23869
23870
23874
23876
23877
23880
23881
23882
23885
23894
23896
23897
23899
23900
23901
23902
23909
23912
23914
23915
23918
23919
23922
23925
23926
23929
23930
23931
23935
23937
23938
23939
23940
23941
23942
23944
23954
23955
23958
23959
23961
23963
23969
23972
23974
23975
23976
23980
23986
23991
23993
23994
23995
23997
24000
24003
24005
24006
24009
24010
24011
24014
24019
24028
24031
24033
24037
24039
24041
24044
24047
24048
24050
24052
24054
24066
24068
24070
24072
24075
24079
24084
24089
24090
24095
24097
24098
24100
24103
24104
24106
24109
24110
24112
24113
24116
24117
24119
24125
24126
24127
24129
24132
24137
24139
24143
24144
24147
24148
24149
24153
24155
24156
24157
24158
24160
24164
24166
24168
24170
24178
24181
24183
24184
24185
24187
24188
24189
24190
24191
24192
24193
24194
24197
24200
24201
24206
24207
24214
24215
24217
24218
24219
24221
24224
24226
24231
24236
24237
24240
24242
24245
24246
24249
24252
24254
24259
24260
24266
24270
24271
24273
24275
24279
24282
24283
24284
24286
24288
24291
24295
24299
24300
24301
24303
24307
24310
24320
24323
24325
24327
24329
24330
24334
24340
24343
24356
24360
24362
24363
24364
24368
24369
24373
24374
24378
24382
24383
24386
24387
24391
24396
24398
24399
24405
24410
24412
24418
24421
24424
24429
24432
24435
24439
24440
24446
24447
24448
24450
24452
24456
24457
24458
24462
24470
24472
24473
24479
24485
24487
24488
24489
24491
24496
24498
24501
24503
24506
24507
24510
24513
24515
24516
24521
24524
24526
24527
24529
24530
24531
24538
24549
24553
24558
24561
24565
24569
24570
24571
24572
24574
24575
24578
24580
24583
24585
24598
24600
24602
24603
24605
24606
24608
24609
24615
24620
24623
24624
24628
24629
24630
24631
24633
24638
24642
24643
24648
24655
24657
24659
24660
24661
24672
24674
24678
24679
24681
24683
24685
24697
24702
24706
24707
24711
24713
24719
24722
24727
24729
24730
24734
24735
24737
24741
24743
24744
24745
24748
24749
24754
24756
24758
24763
24767
24769
24770
24772
24773
24774
24776
24777
24782
24784
24785
24787
24789
24790
24794
24795
24798
24806
24808
24814
24815
24817
24819
24820
24822
24828
24831
24832
24833
24834
24835
24836
24840
24841
24843
24847
24848
24850
24851
24864
24865
24866
24872
24874
24879
24882
24884
24888
24891
24894
24895
24896
24897
24902
24908
24910
24911
24913
24915
24919
24920
24921
24924
24925
24927
24928
24931
24932
24933
24935
24939
24948
24949
24950
24951
24953
24957
24963
24966
24968
24970
24975
24980
24981
24985
24992
24998
