4
11
34
47
56
60
64
72
130
137
148
161
165
175
180
184
196
201
211
212
235
321
336
356
369
388
401
402
423
427
445
462
469
476
477
510
528
533
562
566
567
571
608
626
647
655
664
673
679
729
747
749
765
771
773
774
782
797
801
810
814
815
841
845
851
853
871
875
876
881
890
891
911
917
928
933
943
944
954
967
979
989
1002
1024
1025
1037
1047
1051
1058
1064
1074
1079
1086
1096
1106
1110
1114
1116
1119
1130
1150
1153
1161
1163
1174
1182
1188
1213
1215
1229
1239
1253
1268
1282
1290
1305
1309
1323
1334
1341
1344
1358
1361
1362
1364
1400
1402
1408
1422
1428
1429
1431
1433
1441
1442
1445
1446
1475
1480
1498
1508
1511
1514
1516
1522
1527
1546
1550
1554
1562
1576
1588
1608
1609
1618
1633
1637
1642
1644
1657
1660
1663
1668
1670
1678
1696
1706
1730
1736
1740
1741
1744
1748
1751
1752
1757
1789
1790
1798
1802
1816
1830
1837
1838
1842
1867
1869
1873
1874
1877
1882
1906
1907
1912
1919
1927
1929
1947
1958
1960
1963
1974
1980
1991
1998
2013
2021
2043
2044
2052
2055
2080
2082
2083
2089
2100
2109
2159
2187
2192
2211
2225
2228
2264
2272
2285
2288
2292
2294
2324
2326
2333
2350
2363
2378
2382
2390
2393
2416
2419
2426
2429
2441
2442
2454
2464
2468
2486
2494
2497
2526
2537
2550
2557
2560
2578
2609
2619
2624
2657
2662
2667
2692
2696
2717
2720
2727
2737
2751
2762
2785
2794
2797
2821
2822
2823
2829
2832
2833
2834
2850
2865
2880
2888
2893
2902
2904
2915
2935
2950
2960
2975
2988
2996
3005
3011
3016
3030
3033
3034
3035
3042
3055
3062
3083
3085
3086
3087
3091
3121
3129
3134
3139
3154
3159
3161
3169
3170
3191
3200
3208
3209
3218
3224
3230
3231
3233
3247
3251
3252
3255
3275
3282
3292
3295
3330
3343
3346
3348
3355
3370
3376
3389
3401
3406
3410
3428
3445
3454
3471
3472
3473
3492
3513
3527
3529
3535
3540
3546
3561
3565
3577
3579
3580
3590
3591
3598
3600
3617
3625
3632
3643
3656
3662
3701
3702
3717
3746
3751
3767
3780
3809
3810
3830
3832
3837
3867
3869
3878
3891
3912
3918
3945
3947
3956
3961
3963
3999
4007
4016
4017
4018
4019
4024
4051
4066
4067
4071
4072
4088
4094
4095
4106
4109
4136
4138
4160
4172
4176
4178
4179
4189
4202
4212
4215
4238
4263
4281
4283
4299
4301
4326
4350
4373
4378
4391
4415
4433
4453
4470
4471
4473
4475
4476
4478
4488
4510
4517
4520
4532
4552
4555
4557
4588
4619
4623
4641
4662
4688
4689
4697
4705
4706
4709
4726
4738
4739
4743
4772
4774
4778
4791
4835
4837
4844
4845
4862
4867
4874
4881
4885
4913
4922
4938
4946
4951
4955
4974
5007
5010
5014
5030
5048
5065
5068
5112
5116
5129
5146
5149
5151
5157
5170
5176
5215
5219
5221
5227
5238
5246
5253
5259
5263
5293
5308
5314
5315
5316
5319
5331
5339
5343
5358
5402
5413
5421
5430
5439
5441
5454
5460
5465
5470
5479
5492
5495
5499
5500
5519
5528
5542
5549
5565
5569
5571
5580
5586
5624
5628
5631
5650
5654
5660
5688
5690
5694
5709
5725
5726
5727
5774
5777
5788
5796
5815
5824
5847
5860
5862
5872
5874
5908
5916
5919
5923
5941
5949
5967
5968
5978
5981
5990
5993
5999
6020
6036
6040
6054
6058
6086
6101
6109
6118
6139
6143
6145
6147
6156
6157
6160
6172
6181
6192
6202
6211
6212
6215
6216
6236
6238
6241
6255
6273
6279
6287
6301
6314
6319
6339
6342
6345
6358
6361
6369
6377
6384
6387
6389
6394
6399
6402
6413
6420
6454
6499
6507
6508
6552
6575
6583
6596
6598
6651
6654
6675
6676
6680
6682
6691
6694
6706
6717
6744
6745
6754
6761
6764
6772
6795
6797
6800
6808
6829
6835
6849
6875
6907
6912
6913
6922
6923
6937
6954
6955
6964
6967
6980
6982
6986
6989
6992
6996
6997
7009
7010
7017
7037
7066
7067
7072
7076
7090
7096
7111
7114
7117
7119
7120
7122
7146
7160
7172
7183
7190
7192
7193
7202
7207
7212
7215
7216
7250
7267
7305
7337
7339
7341
7346
7352
7354
7382
7393
7403
7413
7418
7452
7467
7468
7488
7489
7490
7494
7497
7506
7511
7522
7523
7527
7536
7543
7549
7554
7565
7588
7605
7608
7610
7622
7628
7639
7643
7673
7674
7675
7687
7695
7698
7712
7713
7714
7730
7735
7747
7760
7767
7784
7806
7807
7825
7830
7833
7860
7865
7902
7912
7920
7930
7932
7945
7963
7971
7972
7975
7976
7978
7980
7985
7987
7997
7999
8001
8008
8014
8017
8021
8022
8023
8024
8038
8050
8066
8073
8093
8097
8098
8111
8112
8123
8125
8142
8146
8158
8160
8169
8188
8206
8220
8224
8227
8238
8258
8264
8271
8272
8281
8303
8324
8329
8352
8364
8371
8392
8393
8396
8399
8400
8407
8415
8417
8424
8429
8453
8457
8470
8478
8492
8513
8520
8537
8552
8568
8626
8629
8630
8642
8656
8658
8699
8701
8713
8714
8730
8747
8767
8775
8776
8796
8813
8819
8831
8832
8838
8841
8855
8861
8872
8880
8882
8889
8911
8916
8921
8924
8928
8929
8938
8950
8972
8982
8984
8988
8990
9003
9004
9005
9012
9014
9031
9038
9051
9053
9059
9060
9061
9062
9065
9068
9077
9090
9099
9111
9128
9132
9139
9166
9221
9222
9226
9229
9250
9265
9276
9281
9297
9306
9319
9326
9331
9337
9341
9352
9355
9371
9381
9387
9395
9401
9406
9409
9410
9414
9419
9433
9438
9458
9489
9491
9492
9496
9499
9506
9509
9520
9524
9553
9572
9573
9586
9588
9597
9602
9607
9611
9614
9620
9643
9645
9648
9659
9663
9680
9682
9711
9712
9726
9736
9745
9746
9759
9766
9771
9792
9834
9845
9848
9852
9857
9865
9878
9887
9899
9901
9915
9917
9923
9925
9936
9945
9952
9953
9963
9965
9968
9976
9987
10001
10006
10017
10027
10028
10032
10038
10046
10052
10087
10094
10115
10116
10126
10128
10150
10158
10159
10168
10177
10183
10199
10202
10208
10217
10218
10225
10251
10254
10271
10273
10282
10296
10302
10309
10316
10320
10330
10335
10336
10350
10351
10386
10390
10391
10399
10400
10409
10416
10418
10420
10436
10437
10467
10473
10495
10500
10502
10511
10527
10532
10549
10556
10567
10572
10576
10582
10602
10616
10624
10630
10637
10656
10660
10678
10684
10699
10700
10701
10704
10706
10711
10718
10725
10728
10754
10757
10759
10775
10784
10806
10822
10827
10830
10839
10843
10861
10871
10875
10877
10881
10883
10884
10898
10917
10923
10926
10943
10944
10960
10961
10974
10986
10987
10990
10993
10997
11007
11009
11028
11031
11036
11038
11048
11057
11067
11083
11086
11096
11100
11102
11110
11112
11113
11127
11128
11131
11132
11134
11138
11140
11150
11151
11152
11154
11156
11163
11164
11166
11169
11172
11173
11175
11183
11190
11201
11206
11209
11213
11217
11221
11226
11242
11243
11251
11276
11279
11280
11299
11300
11306
11317
11322
11338
11342
11344
11362
11382
11401
11414
11421
11427
11429
11439
11441
11445
11475
11478
11480
11493
11508
11514
11517
11518
11521
11525
11528
11550
11554
11565
11580
11588
11591
11599
11619
11622
11626
11639
11640
11651
11657
11667
11684
11687
11688
11694
11706
11708
11717
11731
11739
11745
11751
11786
11793
11798
11801
11820
11831
11845
11849
11854
11855
11856
11872
11875
11877
11889
11896
11916
11928
11939
11946
11951
11958
11962
11963
11976
11984
11987
11998
11999
12000
12004
12009
12013
12021
12045
12052
12054
12064
12069
12075
12081
12095
12109
12113
12120
12122
12131
12136
12152
12154
12160
12170
12178
12184
12191
12193
12195
12202
12210
12213
12214
12235
12238
12245
12255
12257
12260
12264
12323
12348
12361
12370
12387
12388
12396
12398
12403
12404
12412
12420
12423
12434
12448
12456
12467
12469
12473
12480
12482
12496
12506
12507
12525
12533
12534
12538
12541
12547
12556
12565
12568
12571
12580
12613
12618
12620
12624
12628
12634
12645
12654
12671
12679
12688
12706
12709
12712
12721
12729
12731
12734
12739
12745
12753
12770
12773
12777
12798
12799
12820
12822
12828
12833
12835
12863
12865
12867
12903
12910
12916
12917
12918
12922
12925
12930
12947
12953
12955
12957
12979
12987
13015
13016
13037
13052
13072
13081
13094
13095
13099
13108
13116
13120
13137
13138
13149
13171
13181
13188
13195
13215
13219
13231
13233
13263
13284
13286
13297
13300
13307
13323
13334
13338
13351
13362
13381
13382
13390
13393
13412
13415
13416
13440
13441
13444
13462
13467
13473
13485
13493
13501
13509
13523
13527
13528
13532
13542
13554
13562
13563
13568
13574
13576
13587
13589
13595
13601
13627
13634
13641
13642
13643
13659
13661
13664
13670
13689
13695
13696
13698
13706
13715
13721
13743
13752
13762
13763
13785
13789
13797
13811
13816
13817
13824
13825
13834
13841
13843
13850
13852
13867
13877
13879
13883
13911
13915
13918
13919
13921
13923
13934
13936
13946
13953
13956
13961
13976
13992
13997
14016
14027
14031
14037
14042
14048
14055
14057
14058
14059
14060
14088
14097
14109
14128
14131
14132
14148
14154
14155
14168
14178
14181
14183
14188
14192
14199
14206
14207
14209
14216
14219
14221
14224
14229
14241
14249
14250
14259
14264
14265
14275
14279
14286
14291
14293
14294
14295
14304
14307
14315
14329
14331
14338
14339
14341
14344
14349
14353
14354
14377
14383
14388
14402
14403
14408
14411
14422
14423
14428
14432
14433
14439
14449
14452
14454
14469
14472
14482
14484
14490
14492
14501
14506
14521
14535
14542
14544
14546
14551
14560
14582
14584
14588
14591
14600
14606
14631
14632
14644
14666
14670
14683
14687
14693
14697
14699
14703
14717
14718
14719
14739
14740
14741
14752
14758
14765
14775
14785
14792
14809
14816
14840
14859
14862
14883
14899
14902
14913
14934
14939
14940
14946
14949
14950
14956
14958
14970
14971
14973
14989
14993
14996
15007
15010
15017
15028
15048
15059
15080
15087
15095
15104
15106
15110
15112
15118
15120
15127
15146
15154
15158
15160
15179
15185
15188
15189
15190
15202
15206
15207
15217
15230
15240
15244
15245
15247
15265
15277
15297
15302
15313
15316
15317
15322
15340
15349
15361
15374
15375
15380
15383
15387
15394
15395
15403
15420
15431
15437
15455
15458
15467
15469
15473
15487
15507
15519
15525
15527
15536
15538
15541
15552
15557
15569
15575
15579
15582
15586
15588
15591
15596
15604
15605
15607
15629
15637
15639
15648
15651
15657
15658
15660
15661
15663
15679
15732
15764
15777
15780
15788
15799
15803
15805
15806
15809
15820
15824
15825
15826
15843
15844
15870
15899
15904
15911
15917
15928
15933
15934
15942
15943
15945
15948
15969
15981
16002
16010
16013
16025
16030
16031
16032
16035
16040
16041
16065
16075
16077
16093
16098
16106
16144
16151
16158
16174
16177
16181
16183
16185
16218
16248
16252
16254
16256
16260
16279
16291
16308
16314
16317
16322
16325
16336
16343
16348
16366
16369
16395
16398
16399
16411
16414
16415
16423
16424
16442
16455
16457
16458
16465
16466
16473
16483
16489
16493
16504
16505
16506
16518
16523
16529
16531
16543
16548
16549
16561
16565
16573
16584
16598
16609
16611
16614
16615
16621
16623
16625
16638
16645
16647
16659
16663
16666
16671
16674
16687
16696
16698
16707
16750
16751
16753
16766
16781
16783
16785
16798
16810
16819
16820
16822
16823
16836
16848
16853
16862
16867
16873
16883
16886
16887
16896
16906
16909
16926
16936
16956
16957
16960
16961
16966
16986
16997
17003
17005
17009
17013
17036
17051
17059
17060
17069
17093
17102
17103
17117
17122
17130
17145
17153
17160
17182
17185
17188
17194
17196
17198
17223
17224
17231
17244
17254
17257
17258
17261
17269
17277
17281
17292
17309
17312
17315
17320
17338
17369
17372
17375
17381
17389
17401
17403
17431
17456
17469
17472
17479
17489
17498
17520
17526
17529
17539
17540
17542
17565
17568
17570
17573
17574
17577
17585
17587
17589
17593
17601
17612
17621
17625
17631
17634
17637
17640
17642
17662
17670
17672
17695
17703
17704
17709
17711
17717
17726
17729
17747
17749
17769
17779
17788
17792
17795
17799
17817
17825
17840
17855
17860
17869
17872
17889
17914
17915
17921
17929
17930
17931
17932
17944
17945
17949
17957
17958
17963
17969
17970
17976
17988
17997
17998
18000
18004
18022
18024
18029
18032
18036
18039
18043
18048
18049
18052
18077
18081
18084
18086
18088
18089
18093
18110
18120
18121
18122
18124
18125
18148
18162
18168
18172
18186
18188
18193
18194
18200
18205
18210
18227
18230
18239
18241
18243
18252
18261
18280
18281
18288
18290
18293
18300
18303
18305
18306
18330
18332
18337
18340
18349
18354
18358
18364
18368
18370
18378
18406
18413
18418
18424
18432
18434
18435
18436
18455
18459
18460
18474
18478
18481
18493
18505
18511
18512
18520
18523
18535
18544
18549
18573
18577
18585
18599
18600
18608
18609
18633
18640
18645
18646
18648
18650
18653
18660
18668
18672
18693
18706
18707
18715
18721
18735
18749
18750
18752
18760
18767
18772
18776
18780
18783
18789
18791
18793
18794
18802
18803
18804
18810
18817
18822
18825
18851
18852
18872
18875
18897
18912
18917
18928
18936
18961
18964
18971
18978
18979
18984
18985
18995
19000
19004
19005
19007
19008
19012
19042
19043
19052
19060
19072
19084
19095
19099
19112
19115
19120
19133
19135
19140
19155
19157
19158
19163
19189
19193
19194
19200
19204
19210
19215
19218
19228
19250
19254
19262
19263
19266
19278
19280
19287
19303
19309
19319
19325
19326
19327
19331
19332
19334
19343
19344
19367
19369
19372
19388
19397
19400
19401
19402
19406
19410
19414
19428
19430
19433
19436
19441
19448
19458
19459
19462
19467
19474
19478
19489
19492
19506
19515
19518
19538
19540
19559
19562
19566
19573
19578
19584
19596
19606
19610
19613
19617
19621
19638
19641
19657
19659
19674
19682
19686
19687
19689
19693
19695
19696
19697
19701
19702
19735
19737
19741
19752
19774
19809
19823
19825
19828
19854
19863
19868
19872
19879
19897
19898
19909
19913
19927
19947
19955
19962
19963
19968
19972
19975
19978
19988
19994
19996
20014
20015
20031
20038
20042
20047
20053
20055
20064
20081
20088
20094
20095
20097
20105
20106
20110
20111
20119
20146
20147
20151
20159
20171
20175
20182
20185
20201
20215
20218
20219
20239
20250
20252
20255
20261
20267
20279
20284
20286
20299
20303
20307
20308
20312
20315
20319
20349
20353
20383
20414
20419
20420
20427
20429
20433
20435
20451
20456
20458
20470
20474
20481
20484
20509
20518
20542
20561
20569
20589
20590
20611
20614
20615
20619
20631
20641
20646
20654
20668
20669
20671
20677
20685
20687
20688
20704
20711
20715
20726
20727
20730
20739
20742
20750
20756
20762
20765
20766
20769
20771
20781
20782
20785
20796
20807
20810
20816
20821
20823
20829
20839
20848
20859
20861
20867
20878
20880
20887
20905
20906
20908
20909
20919
20920
20927
20928
20938
20947
20949
20952
20984
20988
20993
21008
21009
21011
21014
21026
21029
21033
21040
21046
21055
21066
21067
21068
21074
21079
21084
21086
21098
21101
21113
21121
21123
21136
21137
21144
21155
21163
21171
21173
21182
21208
21217
21219
21231
21251
21272
21273
21287
21288
21290
21291
21310
21319
21329
21331
21340
21357
21360
21366
21369
21374
21382
21392
21411
21417
21432
21433
21434
21442
21454
21460
21486
21494
21497
21498
21507
21512
21516
21517
21521
21533
21535
21540
21541
21542
21571
21587
21596
21610
21615
21621
21629
21631
21650
21658
21693
21698
21700
21714
21727
21731
21732
21739
21751
21760
21761
21767
21771
21777
21783
21799
21803
21809
21815
21830
21845
21847
21859
21863
21868
21878
21883
21891
21896
21900
21903
21908
21915
21916
21921
21925
21930
21937
21944
21966
21971
21978
21996
21997
21998
22009
22026
22029
22042
22046
22055
22058
22071
22078
22089
22092
22093
22095
22101
22104
22116
22121
22131
22142
22149
22172
22177
22179
22180
22199
22215
22222
22232
22236
22240
22244
22260
22263
22268
22278
22289
22293
22303
22306
22320
22322
22327
22331
22356
22357
22366
22381
22384
22389
22393
22396
22399
22414
22419
22434
22435
22441
22447
22448
22467
22472
22479
22481
22484
22504
22523
22530
22532
22540
22541
22544
22564
22588
22603
22606
22620
22623
22633
22677
22710
22729
22738
22749
22751
22765
22767
22772
22778
22784
22785
22788
22797
22807
22824
22831
22833
22834
22857
22875
22886
22899
22901
22902
22903
22904
22907
22924
22939
22940
22946
22950
22955
22960
22964
22986
22989
22991
23007
23010
23012
23016
23022
23032
23047
23048
23079
23089
23094
23097
23099
23107
23119
23129
23135
23186
23189
23191
23206
23214
23217
23241
23245
23264
23287
23315
23319
23327
23329
23332
23340
23345
23352
23364
23369
23372
23388
23401
23412
23416
23442
23443
23460
23478
23481
23484
23509
23514
23524
23535
23538
23555
23563
23568
23569
23585
23589
23594
23607
23616
23636
23640
23649
23660
23679
23692
23703
23710
23720
23724
23735
23740
23743
23750
23752
23757
23812
23821
23827
23830
23832
23858
23882
23884
23886
23894
23902
23906
23912
23914
23918
23919
23922
23924
23931
23933
23938
23955
23960
23964
23995
24000
24005
24022
24039
24049
24054
24065
24068
24072
24075
24077
24098
24115
24125
24126
24129
24130
24132
24139
24147
24148
24153
24156
24164
24172
24173
24174
24183
24194
24200
24205
24208
24237
24240
24249
24261
24263
24274
24276
24286
24334
24345
24385
24391
24418
24452
24460
24506
24509
24513
24524
24535
24557
24562
24565
24574
24600
24601
24605
24615
24618
24619
24623
24630
24631
24638
24643
24654
24658
24678
24695
24697
24704
24706
24732
24737
24746
24754
24776
24784
24795
24798
24800
24816
24819
24821
24838
24844
24845
24851
24872
24888
24896
24897
24902
24906
24910
24911
24915
24924
24925
24944
24948
24949
24959
24963
24971
24979
24981
